utilization = mean of each controller utilization
zero latency

Start of evolution
  Evaluated 200 individuals
  Min 2.41422155198e-05
  Max 19501500.0745
-- Generation 1 --
New gener has 200 
Best individual is [0, 1, 0, 0, 1, 1, 0, 0, 1, 1, 1, 0, 0, 0, 1, 0, 1, 0, 0, 1, 0, 1, 0, 1, 1, 0, 0, 1, 1, 0, 1, 0, 1, 0, 0, 0, 0, 1, 1, 0, 1, 0, 1, 1, 0, 1, 0, 0, 1, 0], (2.2940105475687369e-05,)
  Min 2.29401054757e-05
  Max 8.49734274128e-05
  Avg 5.59370806952e-05
  Std 1.6717561586e-05
-- Generation 2 --
New gener has 200 
Best individual is [0, 1, 0, 0, 1, 1, 0, 0, 1, 1, 1, 0, 0, 0, 1, 0, 1, 0, 0, 1, 0, 1, 0, 1, 1, 0, 0, 1, 1, 0, 1, 0, 1, 0, 0, 0, 0, 1, 1, 0, 1, 0, 1, 1, 0, 1, 0, 0, 1, 0], (2.2940105475687369e-05,)
  Min 2.29401054757e-05
  Max 6.50924535738e-05
  Avg 4.62320595336e-05
  Std 1.12700926043e-05
-- Generation 3 --
New gener has 200 
Best individual is [1, 0, 1, 0, 0, 0, 0, 1, 0, 1, 0, 0, 0, 1, 1, 1, 1, 1, 1, 1, 0, 1, 0, 0, 1, 1, 0, 0, 1, 1, 0, 1, 0, 0, 0, 1, 0, 1, 0, 1, 0, 1, 0, 1, 0, 1, 0, 1, 1, 0], (2.0921878145095579e-05,)
  Min 2.09218781451e-05
  Max 5.61695721854e-05
  Avg 4.15112358929e-05
  Std 8.70823963537e-06
-- Generation 4 --
New gener has 200 
Best individual is [1, 0, 1, 0, 0, 0, 0, 1, 0, 1, 0, 0, 0, 1, 1, 1, 1, 1, 1, 1, 0, 1, 0, 0, 1, 1, 0, 0, 1, 1, 0, 1, 0, 0, 0, 1, 0, 1, 0, 1, 0, 1, 0, 1, 0, 1, 0, 1, 1, 0], (2.0921878145095579e-05,)
  Min 2.09218781451e-05
  Max 5.01058654546e-05
  Avg 3.82872939169e-05
  Std 6.83716392743e-06
-- Generation 5 --
New gener has 200 
Best individual is [0, 1, 0, 0, 0, 1, 0, 0, 1, 1, 0, 1, 1, 0, 0, 1, 1, 0, 1, 0, 1, 0, 1, 1, 0, 0, 1, 1, 0, 1, 1, 0, 0, 1, 0, 0, 1, 0, 1, 1, 0, 0, 1, 1, 1, 0, 0, 1, 0, 0], (2.06660430930887e-05,)
  Min 2.06660430931e-05
  Max 4.48182289394e-05
  Avg 3.62401401388e-05
  Std 5.58561116534e-06
-- Generation 6 --
New gener has 200 
Best individual is [0, 1, 0, 0, 0, 1, 0, 0, 1, 1, 0, 1, 1, 0, 0, 1, 1, 0, 1, 0, 1, 0, 1, 1, 0, 0, 1, 1, 0, 1, 1, 0, 0, 1, 0, 0, 1, 0, 1, 1, 0, 0, 1, 1, 1, 0, 0, 1, 0, 0], (2.06660430930887e-05,)
  Min 2.06660430931e-05
  Max 4.19770429924e-05
  Avg 3.48923502465e-05
  Std 5.04852988169e-06
-- Generation 7 --
New gener has 200 
Best individual is [0, 1, 0, 0, 0, 1, 0, 0, 1, 1, 0, 1, 1, 0, 0, 1, 1, 0, 1, 0, 1, 0, 1, 1, 0, 0, 1, 1, 0, 1, 1, 0, 0, 1, 0, 0, 1, 0, 1, 1, 0, 0, 1, 1, 1, 0, 0, 1, 0, 0], (2.06660430930887e-05,)
  Min 2.06660430931e-05
  Max 4.02512143196e-05
  Avg 3.37839359427e-05
  Std 4.64480040458e-06
-- Generation 8 --
New gener has 200 
Best individual is [0, 1, 0, 0, 0, 1, 0, 0, 1, 1, 0, 1, 1, 0, 0, 1, 1, 0, 1, 0, 1, 0, 1, 1, 0, 0, 1, 1, 0, 1, 1, 0, 0, 1, 0, 0, 1, 0, 1, 1, 0, 0, 1, 1, 1, 0, 0, 1, 0, 0], (2.06660430930887e-05,)
  Min 2.06660430931e-05
  Max 3.83582998836e-05
  Avg 3.25892417672e-05
  Std 4.27436783098e-06
-- Generation 9 --
New gener has 200 
Best individual is [0, 1, 0, 0, 0, 1, 0, 0, 1, 1, 0, 1, 1, 0, 0, 1, 1, 0, 1, 0, 1, 0, 1, 1, 0, 0, 1, 1, 0, 1, 1, 0, 0, 1, 0, 0, 1, 0, 1, 1, 0, 0, 1, 1, 1, 0, 0, 1, 0, 0], (2.06660430930887e-05,)
  Min 2.06660430931e-05
  Max 3.74692442158e-05
  Avg 3.17112610874e-05
  Std 4.04373050249e-06
-- Generation 10 --
New gener has 200 
Best individual is [0, 1, 0, 0, 0, 1, 0, 0, 1, 1, 0, 1, 1, 0, 0, 1, 1, 0, 1, 0, 1, 0, 1, 1, 0, 0, 1, 1, 0, 1, 1, 0, 0, 1, 0, 0, 1, 0, 1, 1, 0, 0, 1, 1, 1, 0, 0, 1, 0, 0], (2.06660430930887e-05,)
  Min 2.06660430931e-05
  Max 3.63749486565e-05
  Avg 3.11276108171e-05
  Std 3.70932145894e-06
-- Generation 11 --
New gener has 200 
Best individual is [0, 1, 0, 0, 0, 1, 0, 0, 1, 1, 0, 1, 1, 0, 0, 1, 1, 0, 1, 0, 1, 0, 1, 1, 0, 0, 1, 1, 0, 1, 1, 0, 0, 1, 0, 0, 1, 0, 1, 1, 0, 0, 1, 1, 1, 0, 0, 1, 0, 0], (2.06660430930887e-05,)
  Min 2.06660430931e-05
  Max 3.55854035353e-05
  Avg 3.06043194378e-05
  Std 3.44112841143e-06
-- Generation 12 --
New gener has 200 
Best individual is [0, 1, 0, 0, 0, 1, 0, 0, 1, 1, 0, 1, 1, 0, 0, 1, 1, 0, 1, 0, 1, 0, 1, 1, 0, 0, 1, 1, 0, 1, 1, 0, 0, 1, 0, 0, 1, 0, 1, 1, 0, 0, 1, 1, 1, 0, 0, 1, 0, 0], (2.06660430930887e-05,)
  Min 2.06660430931e-05
  Max 3.48109374568e-05
  Avg 3.01679047446e-05
  Std 3.29608847705e-06
-- Generation 13 --
New gener has 200 
Best individual is [0, 1, 0, 0, 0, 1, 0, 0, 1, 1, 0, 1, 1, 0, 0, 1, 1, 0, 1, 0, 1, 0, 1, 1, 0, 0, 1, 1, 0, 1, 1, 0, 0, 1, 0, 0, 1, 0, 1, 1, 0, 0, 1, 1, 1, 0, 0, 1, 0, 0], (2.06660430930887e-05,)
  Min 2.06660430931e-05
  Max 3.44098007557e-05
  Avg 2.9695468206e-05
  Std 3.20852749474e-06
-- Generation 14 --
New gener has 200 
Best individual is [0, 1, 0, 0, 0, 1, 0, 0, 1, 1, 0, 1, 1, 0, 0, 1, 1, 0, 1, 0, 1, 0, 1, 1, 0, 0, 1, 1, 0, 1, 1, 0, 0, 1, 0, 0, 1, 0, 1, 1, 0, 0, 1, 1, 1, 0, 0, 1, 0, 0], (2.06660430930887e-05,)
  Min 2.06660430931e-05
  Max 3.38764195892e-05
  Avg 2.92607445147e-05
  Std 3.14749203287e-06
-- Generation 15 --
New gener has 200 
Best individual is [1, 1, 1, 0, 0, 1, 1, 0, 1, 0, 1, 1, 1, 0, 0, 0, 1, 1, 0, 0, 0, 1, 1, 1, 0, 0, 0, 1, 0, 1, 0, 0, 0, 0, 0, 0, 1, 0, 0, 0, 0, 1, 1, 1, 1, 1, 1, 0, 1, 0], (1.9593129878335985e-05,)
  Min 1.95931298783e-05
  Max 3.30646000294e-05
  Avg 2.89309657639e-05
  Std 3.12818179668e-06
-- Generation 16 --
New gener has 200 
Best individual is [1, 1, 1, 0, 0, 1, 1, 0, 1, 0, 1, 1, 1, 0, 0, 0, 1, 1, 0, 0, 0, 1, 1, 1, 0, 0, 0, 1, 0, 1, 0, 0, 0, 0, 0, 0, 1, 0, 0, 0, 0, 1, 1, 1, 1, 1, 1, 0, 1, 0], (1.9593129878335985e-05,)
  Min 1.95931298783e-05
  Max 3.26391858907e-05
  Avg 2.86754333018e-05
  Std 3.02338171343e-06
-- Generation 17 --
New gener has 200 
Best individual is [1, 1, 1, 0, 0, 1, 1, 0, 1, 0, 1, 1, 1, 0, 0, 0, 1, 1, 0, 0, 0, 1, 1, 1, 0, 0, 0, 1, 0, 1, 0, 0, 0, 0, 0, 0, 1, 0, 0, 0, 0, 1, 1, 1, 1, 1, 1, 0, 1, 0], (1.9593129878335985e-05,)
  Min 1.95931298783e-05
  Max 3.23331357748e-05
  Avg 2.84181732035e-05
  Std 2.955773529e-06
-- Generation 18 --
New gener has 200 
Best individual is [1, 1, 1, 0, 0, 1, 1, 0, 1, 0, 1, 1, 1, 0, 0, 0, 1, 1, 0, 0, 0, 1, 1, 1, 0, 0, 0, 1, 0, 1, 0, 0, 0, 0, 0, 0, 1, 0, 0, 0, 0, 1, 1, 1, 1, 1, 1, 0, 1, 0], (1.9593129878335985e-05,)
  Min 1.95931298783e-05
  Max 3.21307206193e-05
  Avg 2.82481740059e-05
  Std 2.89355223098e-06
-- Generation 19 --
New gener has 200 
Best individual is [1, 1, 0, 0, 0, 0, 1, 0, 1, 1, 0, 0, 1, 0, 0, 1, 1, 1, 0, 0, 0, 0, 1, 0, 0, 1, 0, 0, 1, 0, 0, 1, 0, 0, 0, 1, 0, 1, 0, 0, 1, 1, 1, 0, 0, 0, 1, 1, 1, 1], (1.9448241961216238e-05,)
  Min 1.94482419612e-05
  Max 3.16734004636e-05
  Avg 2.78815103897e-05
  Std 2.86057298044e-06
-- Generation 20 --
New gener has 200 
Best individual is [1, 1, 0, 0, 0, 0, 1, 0, 1, 1, 0, 0, 1, 0, 0, 1, 1, 1, 0, 0, 0, 0, 1, 0, 0, 1, 0, 0, 1, 0, 0, 1, 0, 0, 0, 1, 0, 1, 0, 0, 1, 1, 1, 0, 0, 0, 1, 1, 1, 1], (1.9448241961216238e-05,)
  Min 1.94482419612e-05
  Max 3.13155664818e-05
  Avg 2.76341975078e-05
  Std 2.8066546395e-06
-- Generation 21 --
New gener has 200 
Best individual is [1, 1, 0, 0, 0, 0, 1, 0, 1, 1, 0, 0, 1, 0, 0, 1, 1, 1, 0, 0, 0, 0, 1, 0, 0, 1, 0, 0, 1, 0, 0, 1, 0, 0, 0, 1, 0, 1, 0, 0, 1, 1, 1, 0, 0, 0, 1, 1, 1, 1], (1.9448241961216238e-05,)
  Min 1.94482419612e-05
  Max 3.097156933e-05
  Avg 2.73687663046e-05
  Std 2.75167427511e-06
-- Generation 22 --
New gener has 200 
Best individual is [1, 1, 0, 0, 0, 0, 1, 0, 1, 1, 0, 0, 1, 0, 0, 1, 1, 1, 0, 0, 0, 0, 1, 0, 0, 1, 0, 0, 1, 0, 0, 1, 0, 0, 0, 1, 0, 1, 0, 0, 1, 1, 1, 0, 0, 0, 1, 1, 1, 1], (1.9448241961216238e-05,)
  Min 1.94482419612e-05
  Max 3.07267061636e-05
  Avg 2.7210883105e-05
  Std 2.66133886565e-06
-- Generation 23 --
New gener has 200 
Best individual is [1, 1, 0, 0, 0, 0, 1, 0, 1, 1, 0, 0, 1, 0, 0, 1, 1, 1, 0, 0, 0, 0, 1, 0, 0, 1, 0, 0, 1, 0, 0, 1, 0, 0, 0, 1, 0, 1, 0, 0, 1, 1, 1, 0, 0, 0, 1, 1, 1, 1], (1.9448241961216238e-05,)
  Min 1.94482419612e-05
  Max 3.03051295786e-05
  Avg 2.70719401703e-05
  Std 2.60071671568e-06
-- Generation 24 --
New gener has 200 
Best individual is [1, 1, 0, 0, 0, 0, 1, 0, 1, 1, 0, 0, 1, 0, 0, 1, 1, 1, 0, 0, 0, 0, 1, 0, 0, 1, 0, 0, 1, 0, 0, 1, 0, 0, 0, 1, 0, 1, 0, 0, 1, 1, 1, 0, 0, 0, 1, 1, 1, 1], (1.9448241961216238e-05,)
  Min 1.94482419612e-05
  Max 3.01901055855e-05
  Avg 2.69718707043e-05
  Std 2.55083747862e-06
-- Generation 25 --
New gener has 200 
Best individual is [1, 1, 0, 0, 0, 0, 1, 0, 1, 1, 0, 0, 1, 0, 0, 1, 1, 1, 0, 0, 0, 0, 1, 0, 0, 1, 0, 0, 1, 0, 0, 1, 0, 0, 0, 1, 0, 1, 0, 0, 1, 1, 1, 0, 0, 0, 1, 1, 1, 1], (1.9448241961216238e-05,)
  Min 1.94482419612e-05
  Max 2.99914160564e-05
  Avg 2.67430405658e-05
  Std 2.47322454106e-06
-- Generation 26 --
New gener has 200 
Best individual is [1, 1, 0, 0, 0, 0, 1, 0, 1, 1, 0, 0, 1, 0, 0, 1, 1, 1, 0, 0, 0, 0, 1, 0, 0, 1, 0, 0, 1, 0, 0, 1, 0, 0, 0, 1, 0, 1, 0, 0, 1, 1, 1, 0, 0, 0, 1, 1, 1, 1], (1.9448241961216238e-05,)
  Min 1.94482419612e-05
  Max 2.98882509607e-05
  Avg 2.6657779378e-05
  Std 2.43035285785e-06
-- Generation 27 --
New gener has 200 
Best individual is [1, 1, 0, 0, 0, 0, 1, 0, 1, 1, 0, 0, 1, 0, 0, 1, 1, 1, 0, 0, 0, 0, 1, 0, 0, 1, 0, 0, 1, 0, 0, 1, 0, 0, 0, 1, 0, 1, 0, 0, 1, 1, 1, 0, 0, 0, 1, 1, 1, 1], (1.9448241961216238e-05,)
  Min 1.94482419612e-05
  Max 2.97449200236e-05
  Avg 2.65455656565e-05
  Std 2.40407840171e-06
-- Generation 28 --
New gener has 200 
Best individual is [1, 1, 0, 0, 0, 0, 1, 0, 1, 1, 0, 0, 1, 0, 0, 1, 1, 1, 0, 0, 0, 0, 1, 0, 0, 1, 0, 0, 1, 0, 0, 1, 0, 0, 0, 1, 0, 1, 0, 0, 1, 1, 1, 0, 0, 0, 1, 1, 1, 1], (1.9448241961216238e-05,)
  Min 1.94482419612e-05
  Max 2.95633225254e-05
  Avg 2.6400457853e-05
  Std 2.34422298749e-06
-- Generation 29 --
New gener has 200 
Best individual is [1, 1, 0, 0, 0, 0, 1, 0, 1, 1, 0, 0, 1, 0, 0, 1, 1, 1, 0, 0, 0, 0, 1, 0, 0, 1, 0, 0, 1, 0, 0, 1, 0, 0, 0, 1, 0, 1, 0, 0, 1, 1, 1, 0, 0, 0, 1, 1, 1, 1], (1.9448241961216238e-05,)
  Min 1.94482419612e-05
  Max 2.94296694673e-05
  Avg 2.62805404004e-05
  Std 2.28609574019e-06
-- Generation 30 --
New gener has 200 
Best individual is [1, 1, 0, 0, 0, 0, 1, 0, 1, 1, 0, 0, 1, 0, 0, 1, 1, 1, 0, 0, 0, 0, 1, 0, 0, 1, 0, 0, 1, 0, 0, 1, 0, 0, 0, 1, 0, 1, 0, 0, 1, 1, 1, 0, 0, 0, 1, 1, 1, 1], (1.9448241961216238e-05,)
  Min 1.94482419612e-05
  Max 2.91261618633e-05
  Avg 2.60792087079e-05
  Std 2.27507579177e-06
-- Generation 31 --
New gener has 200 
Best individual is [1, 1, 0, 0, 0, 0, 1, 0, 1, 1, 0, 0, 1, 0, 0, 1, 1, 1, 0, 0, 0, 0, 1, 0, 0, 1, 0, 0, 1, 0, 0, 1, 0, 0, 0, 1, 0, 1, 0, 0, 1, 1, 1, 0, 0, 0, 1, 1, 1, 1], (1.9448241961216238e-05,)
  Min 1.94482419612e-05
  Max 2.89360544601e-05
  Avg 2.59343788807e-05
  Std 2.2227816412e-06
-- Generation 32 --
New gener has 200 
Best individual is [1, 1, 0, 0, 0, 0, 1, 0, 1, 1, 0, 0, 1, 0, 0, 1, 1, 1, 0, 0, 0, 0, 1, 0, 0, 1, 0, 0, 1, 0, 0, 1, 0, 0, 0, 1, 0, 1, 0, 0, 1, 1, 1, 0, 0, 0, 1, 1, 1, 1], (1.9448241961216238e-05,)
  Min 1.94482419612e-05
  Max 2.8663200538e-05
  Avg 2.57596768731e-05
  Std 2.19016561103e-06
-- Generation 33 --
New gener has 200 
Best individual is [1, 1, 0, 0, 0, 0, 1, 0, 1, 1, 0, 0, 1, 0, 0, 1, 1, 1, 0, 0, 0, 0, 1, 0, 0, 1, 0, 0, 1, 0, 0, 1, 0, 0, 0, 1, 0, 1, 0, 0, 1, 1, 1, 0, 0, 0, 1, 1, 1, 1], (1.9448241961216238e-05,)
  Min 1.94482419612e-05
  Max 2.85600639878e-05
  Avg 2.5698455164e-05
  Std 2.15031029508e-06
-- Generation 34 --
New gener has 200 
Best individual is [1, 1, 0, 0, 0, 0, 1, 0, 1, 1, 0, 0, 1, 0, 0, 1, 1, 1, 0, 0, 0, 0, 1, 0, 0, 1, 0, 0, 1, 0, 0, 1, 0, 0, 0, 1, 0, 1, 0, 0, 1, 1, 1, 0, 0, 0, 1, 1, 1, 1], (1.9448241961216238e-05,)
  Min 1.94482419612e-05
  Max 2.83724650103e-05
  Avg 2.55290288624e-05
  Std 2.13049561742e-06
-- Generation 35 --
New gener has 200 
Best individual is [1, 1, 0, 0, 0, 0, 1, 0, 1, 1, 0, 0, 1, 0, 0, 1, 1, 1, 0, 0, 0, 0, 1, 0, 0, 1, 0, 0, 1, 0, 0, 1, 0, 0, 0, 1, 0, 1, 0, 0, 1, 1, 1, 0, 0, 0, 1, 1, 1, 1], (1.9448241961216238e-05,)
  Min 1.94482419612e-05
  Max 2.82775706674e-05
  Avg 2.5449280027e-05
  Std 2.10590158705e-06
-- Generation 36 --
New gener has 200 
Best individual is [1, 1, 0, 0, 0, 0, 1, 0, 1, 1, 0, 0, 1, 0, 0, 1, 1, 1, 0, 0, 0, 0, 1, 0, 0, 1, 0, 0, 1, 0, 0, 1, 0, 0, 0, 1, 0, 1, 0, 0, 1, 1, 1, 0, 0, 0, 1, 1, 1, 1], (1.9448241961216238e-05,)
  Min 1.94482419612e-05
  Max 2.81067070114e-05
  Avg 2.53028528767e-05
  Std 2.1027462338e-06
-- Generation 37 --
New gener has 200 
Best individual is [1, 1, 0, 0, 0, 0, 1, 0, 1, 1, 0, 0, 1, 0, 0, 1, 1, 1, 0, 0, 0, 0, 1, 0, 0, 1, 0, 0, 1, 0, 0, 1, 0, 0, 0, 1, 0, 1, 0, 0, 1, 1, 1, 0, 0, 0, 1, 1, 1, 1], (1.9448241961216238e-05,)
  Min 1.94482419612e-05
  Max 2.8004077852e-05
  Avg 2.51867094869e-05
  Std 2.05186846517e-06
-- Generation 38 --
New gener has 200 
Best individual is [1, 1, 0, 0, 0, 0, 1, 0, 1, 1, 0, 0, 1, 0, 0, 1, 1, 1, 0, 0, 0, 0, 1, 0, 0, 1, 0, 0, 1, 0, 0, 1, 0, 0, 0, 1, 0, 1, 0, 0, 1, 1, 1, 0, 0, 0, 1, 1, 1, 1], (1.9448241961216238e-05,)
  Min 1.94482419612e-05
  Max 2.79022906116e-05
  Avg 2.51493822997e-05
  Std 2.02793469195e-06
-- Generation 39 --
New gener has 200 
Best individual is [1, 1, 0, 0, 0, 0, 1, 0, 1, 1, 0, 0, 1, 0, 0, 1, 1, 1, 0, 0, 0, 0, 1, 0, 0, 1, 0, 0, 1, 0, 0, 1, 0, 0, 0, 1, 0, 1, 0, 0, 1, 1, 1, 0, 0, 0, 1, 1, 1, 1], (1.9448241961216238e-05,)
  Min 1.94482419612e-05
  Max 2.78255030204e-05
  Avg 2.50902778856e-05
  Std 2.00542249448e-06
-- Generation 40 --
New gener has 200 
Best individual is [1, 1, 0, 0, 0, 0, 1, 0, 1, 1, 0, 0, 1, 0, 0, 1, 1, 1, 0, 0, 0, 0, 1, 0, 0, 1, 0, 0, 1, 0, 0, 1, 0, 0, 0, 1, 0, 1, 0, 0, 1, 1, 1, 0, 0, 0, 1, 1, 1, 1], (1.9448241961216238e-05,)
  Min 1.94482419612e-05
  Max 2.76751229485e-05
  Avg 2.50360380299e-05
  Std 1.97527921206e-06
-- Generation 41 --
New gener has 200 
Best individual is [1, 1, 0, 0, 0, 0, 1, 0, 1, 1, 0, 0, 1, 0, 0, 1, 1, 1, 0, 0, 0, 0, 1, 0, 0, 1, 0, 0, 1, 0, 0, 1, 0, 0, 0, 1, 0, 1, 0, 0, 1, 1, 1, 0, 0, 0, 1, 1, 1, 1], (1.9448241961216238e-05,)
  Min 1.94482419612e-05
  Max 2.75892446285e-05
  Avg 2.49925888584e-05
  Std 1.94555075331e-06
-- Generation 42 --
New gener has 200 
Best individual is [1, 1, 0, 0, 0, 0, 1, 0, 1, 1, 0, 0, 1, 0, 0, 1, 1, 1, 0, 0, 0, 0, 1, 0, 0, 1, 0, 0, 1, 0, 0, 1, 0, 0, 0, 1, 0, 1, 0, 0, 1, 1, 1, 0, 0, 0, 1, 1, 1, 1], (1.9448241961216238e-05,)
  Min 1.94482419612e-05
  Max 2.74531471425e-05
  Avg 2.48920855444e-05
  Std 1.93156562562e-06
-- Generation 43 --
New gener has 200 
Best individual is [1, 1, 0, 0, 0, 0, 1, 0, 1, 1, 0, 0, 1, 0, 0, 1, 1, 1, 0, 0, 0, 0, 1, 0, 0, 1, 0, 0, 1, 0, 0, 1, 0, 0, 0, 1, 0, 1, 0, 0, 1, 1, 1, 0, 0, 0, 1, 1, 1, 1], (1.9448241961216238e-05,)
  Min 1.94482419612e-05
  Max 2.74097676235e-05
  Avg 2.48291175031e-05
  Std 1.90841655134e-06
-- Generation 44 --
New gener has 200 
Best individual is [1, 1, 0, 0, 0, 0, 1, 0, 1, 1, 0, 0, 1, 0, 0, 1, 1, 1, 0, 0, 0, 0, 1, 0, 0, 1, 0, 0, 1, 0, 0, 1, 0, 0, 0, 1, 0, 1, 0, 0, 1, 1, 1, 0, 0, 0, 1, 1, 1, 1], (1.9448241961216238e-05,)
  Min 1.94482419612e-05
  Max 2.73811847564e-05
  Avg 2.47481270424e-05
  Std 1.92411157334e-06
-- Generation 45 --
New gener has 200 
Best individual is [1, 1, 0, 0, 0, 0, 1, 0, 1, 1, 0, 0, 1, 0, 0, 1, 1, 1, 0, 0, 0, 0, 1, 0, 0, 1, 0, 0, 1, 0, 0, 1, 0, 0, 0, 1, 0, 1, 0, 0, 1, 1, 1, 0, 0, 0, 1, 1, 1, 1], (1.9448241961216238e-05,)
  Min 1.94482419612e-05
  Max 2.73233129426e-05
  Avg 2.47079134738e-05
  Std 1.89221409493e-06
-- Generation 46 --
New gener has 200 
Best individual is [1, 1, 0, 0, 0, 0, 1, 0, 1, 1, 0, 0, 1, 0, 0, 1, 1, 1, 0, 0, 0, 0, 1, 0, 0, 1, 0, 0, 1, 0, 0, 1, 0, 0, 0, 1, 0, 1, 0, 0, 1, 1, 1, 0, 0, 0, 1, 1, 1, 1], (1.9448241961216238e-05,)
  Min 1.94482419612e-05
  Max 2.72561999894e-05
  Avg 2.46508521959e-05
  Std 1.86047710494e-06
-- Generation 47 --
New gener has 200 
Best individual is [1, 1, 0, 0, 0, 0, 1, 0, 1, 1, 0, 0, 1, 0, 0, 1, 1, 1, 0, 0, 0, 0, 1, 0, 0, 1, 0, 0, 1, 0, 0, 1, 0, 0, 0, 1, 0, 1, 0, 0, 1, 1, 1, 0, 0, 0, 1, 1, 1, 1], (1.9448241961216238e-05,)
  Min 1.94482419612e-05
  Max 2.71171100804e-05
  Avg 2.45024713387e-05
  Std 1.84669892039e-06
-- Generation 48 --
New gener has 200 
Best individual is [1, 1, 0, 0, 0, 0, 1, 0, 1, 1, 0, 0, 1, 0, 0, 1, 1, 1, 0, 0, 0, 0, 1, 0, 0, 1, 0, 0, 1, 0, 0, 1, 0, 0, 0, 1, 0, 1, 0, 0, 1, 1, 1, 0, 0, 0, 1, 1, 1, 1], (1.9448241961216238e-05,)
  Min 1.94482419612e-05
  Max 2.70037415752e-05
  Avg 2.44519838613e-05
  Std 1.8360978524e-06
-- Generation 49 --
New gener has 200 
Best individual is [1, 1, 0, 0, 0, 0, 1, 0, 1, 1, 0, 0, 1, 0, 0, 1, 1, 1, 0, 0, 0, 0, 1, 0, 0, 1, 0, 0, 1, 0, 0, 1, 0, 0, 0, 1, 0, 1, 0, 0, 1, 1, 1, 0, 0, 0, 1, 1, 1, 1], (1.9448241961216238e-05,)
  Min 1.94482419612e-05
  Max 2.68599426546e-05
  Avg 2.43907064152e-05
  Std 1.81131356285e-06
-- Generation 50 --
New gener has 200 
Best individual is [0, 1, 0, 0, 1, 0, 1, 1, 1, 0, 1, 1, 1, 0, 0, 0, 0, 0, 0, 0, 1, 1, 0, 1, 1, 1, 0, 1, 0, 0, 0, 1, 0, 0, 1, 1, 0, 0, 1, 0, 1, 1, 1, 1, 1, 1, 0, 1, 0, 0], (1.80094135338313e-05,)
  Min 1.80094135338e-05
  Max 2.67576821985e-05
  Avg 2.42367126972e-05
  Std 1.83224924395e-06
-- Generation 51 --
New gener has 200 
Best individual is [0, 1, 0, 0, 1, 0, 1, 1, 1, 0, 1, 1, 1, 0, 0, 0, 0, 0, 0, 0, 1, 1, 0, 1, 1, 1, 0, 1, 0, 0, 0, 1, 0, 0, 1, 1, 0, 0, 1, 0, 1, 1, 1, 1, 1, 1, 0, 1, 0, 0], (1.80094135338313e-05,)
  Min 1.80094135338e-05
  Max 2.6639211078e-05
  Avg 2.41295854352e-05
  Std 1.78577542305e-06
-- Generation 52 --
New gener has 200 
Best individual is [0, 1, 0, 0, 1, 0, 1, 1, 1, 0, 1, 1, 1, 0, 0, 0, 0, 0, 0, 0, 1, 1, 0, 1, 1, 1, 0, 1, 0, 0, 0, 1, 0, 0, 1, 1, 0, 0, 1, 0, 1, 1, 1, 1, 1, 1, 0, 1, 0, 0], (1.80094135338313e-05,)
  Min 1.80094135338e-05
  Max 2.65487948992e-05
  Avg 2.41000411362e-05
  Std 1.77076724403e-06
-- Generation 53 --
New gener has 200 
Best individual is [0, 1, 0, 0, 1, 0, 1, 1, 1, 0, 1, 1, 1, 0, 0, 0, 0, 0, 0, 0, 1, 1, 0, 1, 1, 1, 0, 1, 0, 0, 0, 1, 0, 0, 1, 1, 0, 0, 1, 0, 1, 1, 1, 1, 1, 1, 0, 1, 0, 0], (1.80094135338313e-05,)
  Min 1.80094135338e-05
  Max 2.63924185558e-05
  Avg 2.40084046887e-05
  Std 1.77977416733e-06
-- Generation 54 --
New gener has 200 
Best individual is [0, 1, 0, 0, 1, 0, 1, 1, 1, 0, 1, 1, 1, 0, 0, 0, 0, 0, 0, 0, 1, 1, 0, 1, 1, 1, 0, 1, 0, 0, 0, 1, 0, 0, 1, 1, 0, 0, 1, 0, 1, 1, 1, 1, 1, 1, 0, 1, 0, 0], (1.80094135338313e-05,)
  Min 1.80094135338e-05
  Max 2.61905532217e-05
  Avg 2.39530672059e-05
  Std 1.75825457986e-06
-- Generation 55 --

studyhard
New gener has 200 
Best individual is [0, 1, 0, 0, 1, 0, 1, 1, 1, 0, 1, 1, 1, 0, 0, 0, 0, 0, 0, 0, 1, 1, 0, 1, 1, 1, 0, 1, 0, 0, 0, 1, 0, 0, 1, 1, 0, 0, 1, 0, 1, 1, 1, 1, 1, 1, 0, 1, 0, 0], (1.80094135338313e-05,)
  Min 1.80094135338e-05
  Max 2.61245114366e-05
  Avg 2.38817214895e-05
  Std 1.72192492881e-06
-- Generation 56 --
New gener has 200 
Best individual is [0, 1, 0, 0, 1, 0, 1, 1, 1, 0, 1, 1, 1, 0, 0, 0, 0, 0, 0, 0, 1, 1, 0, 1, 1, 1, 0, 1, 0, 0, 0, 1, 0, 0, 1, 1, 0, 0, 1, 0, 1, 1, 1, 1, 1, 1, 0, 1, 0, 0], (1.80094135338313e-05,)
  Min 1.80094135338e-05
  Max 2.60258453251e-05
  Avg 2.38382506167e-05
  Std 1.70567779066e-06
-- Generation 57 --
New gener has 200 
Best individual is [0, 1, 0, 0, 1, 0, 1, 1, 1, 0, 1, 1, 1, 0, 0, 0, 0, 0, 0, 0, 1, 1, 0, 1, 1, 1, 0, 1, 0, 0, 0, 1, 0, 0, 1, 1, 0, 0, 1, 0, 1, 1, 1, 1, 1, 1, 0, 1, 0, 0], (1.80094135338313e-05,)
  Min 1.80094135338e-05
  Max 2.59314775992e-05
  Avg 2.3759764373e-05
  Std 1.7071279688e-06
-- Generation 58 --
New gener has 200 
Best individual is [0, 1, 0, 0, 1, 0, 1, 1, 1, 0, 1, 1, 1, 0, 0, 0, 0, 0, 0, 0, 1, 1, 0, 1, 1, 1, 0, 1, 0, 0, 0, 1, 0, 0, 1, 1, 0, 0, 1, 0, 1, 1, 1, 1, 1, 1, 0, 1, 0, 0], (1.80094135338313e-05,)
  Min 1.80094135338e-05
  Max 2.58474831853e-05
  Avg 2.36698527691e-05
  Std 1.69566397031e-06
-- Generation 59 --
New gener has 200 
Best individual is [0, 0, 1, 1, 1, 1, 1, 0, 1, 1, 1, 0, 0, 0, 1, 0, 1, 1, 1, 1, 1, 0, 0, 0, 0, 0, 0, 0, 1, 0, 0, 1, 0, 0, 0, 1, 0, 1, 0, 0, 0, 1, 1, 1, 0, 1, 1, 0, 1, 1], (1.6159683648951501e-05,)
  Min 1.6159683649e-05
  Max 2.56293151674e-05
  Avg 2.34855358704e-05
  Std 1.8008877334e-06
-- Generation 60 --
New gener has 200 
Best individual is [0, 0, 1, 1, 1, 1, 1, 0, 1, 1, 1, 0, 0, 0, 1, 0, 1, 1, 1, 1, 1, 0, 0, 0, 0, 0, 0, 0, 1, 0, 0, 1, 0, 0, 0, 1, 0, 1, 0, 0, 0, 1, 1, 1, 0, 1, 1, 0, 1, 1], (1.6159683648951501e-05,)
  Min 1.6159683649e-05
  Max 2.54982733416e-05
  Avg 2.33774687428e-05
  Std 1.77661485902e-06
-- Generation 61 --
New gener has 200 
Best individual is [0, 0, 1, 1, 1, 1, 1, 0, 1, 1, 1, 0, 0, 0, 1, 0, 1, 1, 1, 1, 1, 0, 0, 0, 0, 0, 0, 0, 1, 0, 0, 1, 0, 0, 0, 1, 0, 1, 0, 0, 0, 1, 1, 1, 0, 1, 1, 0, 1, 1], (1.6159683648951501e-05,)
  Min 1.6159683649e-05
  Max 2.54323423664e-05
  Avg 2.33522638295e-05
  Std 1.7590514676e-06
-- Generation 62 --
New gener has 200 
Best individual is [0, 0, 1, 1, 1, 1, 1, 0, 1, 1, 1, 0, 0, 0, 1, 0, 1, 1, 1, 1, 1, 0, 0, 0, 0, 0, 0, 0, 1, 0, 0, 1, 0, 0, 0, 1, 0, 1, 0, 0, 0, 1, 1, 1, 0, 1, 1, 0, 1, 1], (1.6159683648951501e-05,)
  Min 1.6159683649e-05
  Max 2.54190670794e-05
  Avg 2.32952271441e-05
  Std 1.75328344787e-06
-- Generation 63 --
New gener has 200 
Best individual is [0, 0, 1, 1, 1, 1, 1, 0, 1, 1, 1, 0, 0, 0, 1, 0, 1, 1, 1, 1, 1, 0, 0, 0, 0, 0, 0, 0, 1, 0, 0, 1, 0, 0, 0, 1, 0, 1, 0, 0, 0, 1, 1, 1, 0, 1, 1, 0, 1, 1], (1.6159683648951501e-05,)
  Min 1.6159683649e-05
  Max 2.53758915333e-05
  Avg 2.32739269309e-05
  Std 1.7402866425e-06
-- Generation 64 --
New gener has 200 
Best individual is [0, 0, 1, 1, 1, 1, 1, 0, 1, 1, 1, 0, 0, 0, 1, 0, 1, 1, 1, 1, 1, 0, 0, 0, 0, 0, 0, 0, 1, 0, 0, 1, 0, 0, 0, 1, 0, 1, 0, 0, 0, 1, 1, 1, 0, 1, 1, 0, 1, 1], (1.6159683648951501e-05,)
  Min 1.6159683649e-05
  Max 2.53636339431e-05
  Avg 2.32392763967e-05
  Std 1.7282659184e-06
-- Generation 65 --
New gener has 200 
Best individual is [0, 0, 1, 1, 1, 1, 1, 0, 1, 1, 1, 0, 0, 0, 1, 0, 1, 1, 1, 1, 1, 0, 0, 0, 0, 0, 0, 0, 1, 0, 0, 1, 0, 0, 0, 1, 0, 1, 0, 0, 0, 1, 1, 1, 0, 1, 1, 0, 1, 1], (1.6159683648951501e-05,)
  Min 1.6159683649e-05
  Max 2.53102976083e-05
  Avg 2.32060017511e-05
  Std 1.72475483559e-06
-- Generation 66 --
New gener has 200 
Best individual is [0, 0, 1, 1, 1, 1, 1, 0, 1, 1, 1, 0, 0, 0, 1, 0, 1, 1, 1, 1, 1, 0, 0, 0, 0, 0, 0, 0, 1, 0, 0, 1, 0, 0, 0, 1, 0, 1, 0, 0, 0, 1, 1, 1, 0, 1, 1, 0, 1, 1], (1.6159683648951501e-05,)
  Min 1.6159683649e-05
  Max 2.5261349399e-05
  Avg 2.31885726868e-05
  Std 1.71519402602e-06
-- Generation 67 --
New gener has 200 
Best individual is [0, 0, 1, 1, 1, 1, 1, 0, 1, 1, 1, 0, 0, 0, 1, 0, 1, 1, 1, 1, 1, 0, 0, 0, 0, 0, 0, 0, 1, 0, 0, 1, 0, 0, 0, 1, 0, 1, 0, 0, 0, 1, 1, 1, 0, 1, 1, 0, 1, 1], (1.6159683648951501e-05,)
  Min 1.6159683649e-05
  Max 2.52093743143e-05
  Avg 2.30792770567e-05
  Std 1.7286392009e-06
-- Generation 68 --
New gener has 200 
Best individual is [0, 0, 1, 1, 1, 1, 1, 0, 1, 1, 1, 0, 0, 0, 1, 0, 1, 1, 1, 1, 1, 0, 0, 0, 0, 0, 0, 0, 1, 0, 0, 1, 0, 0, 0, 1, 0, 1, 0, 0, 0, 1, 1, 1, 0, 1, 1, 0, 1, 1], (1.6159683648951501e-05,)
  Min 1.6159683649e-05
  Max 2.51878515197e-05
  Avg 2.30365679992e-05
  Std 1.71131581159e-06
-- Generation 69 --
New gener has 200 
Best individual is [0, 0, 1, 1, 1, 1, 1, 0, 1, 1, 1, 0, 0, 0, 1, 0, 1, 1, 1, 1, 1, 0, 0, 0, 0, 0, 0, 0, 1, 0, 0, 1, 0, 0, 0, 1, 0, 1, 0, 0, 0, 1, 1, 1, 0, 1, 1, 0, 1, 1], (1.6159683648951501e-05,)
  Min 1.6159683649e-05
  Max 2.50484159998e-05
  Avg 2.29667072137e-05
  Std 1.70480913926e-06
-- Generation 70 --
New gener has 200 
Best individual is [0, 0, 1, 1, 1, 1, 1, 0, 1, 1, 1, 0, 0, 0, 1, 0, 1, 1, 1, 1, 1, 0, 0, 0, 0, 0, 0, 0, 1, 0, 0, 1, 0, 0, 0, 1, 0, 1, 0, 0, 0, 1, 1, 1, 0, 1, 1, 0, 1, 1], (1.6159683648951501e-05,)
  Min 1.6159683649e-05
  Max 2.49610994908e-05
  Avg 2.28826127383e-05
  Std 1.72719346367e-06
-- Generation 71 --
New gener has 200 
Best individual is [0, 0, 1, 1, 1, 1, 1, 0, 1, 1, 1, 0, 0, 0, 1, 0, 1, 1, 1, 1, 1, 0, 0, 0, 0, 0, 0, 0, 1, 0, 0, 1, 0, 0, 0, 1, 0, 1, 0, 0, 0, 1, 1, 1, 0, 1, 1, 0, 1, 1], (1.6159683648951501e-05,)
  Min 1.6159683649e-05
  Max 2.4921275011e-05
  Avg 2.28430465379e-05
  Std 1.7092086651e-06
-- Generation 72 --
New gener has 200 
Best individual is [0, 0, 1, 1, 1, 1, 1, 0, 1, 1, 1, 0, 0, 0, 1, 0, 1, 1, 1, 1, 1, 0, 0, 0, 0, 0, 0, 0, 1, 0, 0, 1, 0, 0, 0, 1, 0, 1, 0, 0, 0, 1, 1, 1, 0, 1, 1, 0, 1, 1], (1.6159683648951501e-05,)
  Min 1.6159683649e-05
  Max 2.49076921683e-05
  Avg 2.28093574093e-05
  Std 1.70307989629e-06
-- Generation 73 --
New gener has 200 
Best individual is [0, 0, 1, 1, 1, 1, 1, 0, 1, 1, 1, 0, 0, 0, 1, 0, 1, 1, 1, 1, 1, 0, 0, 0, 0, 0, 0, 0, 1, 0, 0, 1, 0, 0, 0, 1, 0, 1, 0, 0, 0, 1, 1, 1, 0, 1, 1, 0, 1, 1], (1.6159683648951501e-05,)
  Min 1.6159683649e-05
  Max 2.47938213311e-05
  Avg 2.27543163797e-05
  Std 1.68134498809e-06
-- Generation 74 --
New gener has 200 
Best individual is [0, 0, 1, 1, 1, 1, 1, 0, 1, 1, 1, 0, 0, 0, 1, 0, 1, 1, 1, 1, 1, 0, 0, 0, 0, 0, 0, 0, 1, 0, 0, 1, 0, 0, 0, 1, 0, 1, 0, 0, 0, 1, 1, 1, 0, 1, 1, 0, 1, 1], (1.6159683648951501e-05,)
  Min 1.6159683649e-05
  Max 2.47504906695e-05
  Avg 2.27059594539e-05
  Std 1.65912711835e-06
-- Generation 75 --
New gener has 200 
Best individual is [0, 0, 1, 1, 1, 1, 1, 0, 1, 1, 1, 0, 0, 0, 1, 0, 1, 1, 1, 1, 1, 0, 0, 0, 0, 0, 0, 0, 1, 0, 0, 1, 0, 0, 0, 1, 0, 1, 0, 0, 0, 1, 1, 1, 0, 1, 1, 0, 1, 1], (1.6159683648951501e-05,)
  Min 1.6159683649e-05
  Max 2.46831828885e-05
  Avg 2.2635913732e-05
  Std 1.6278990097e-06
-- Generation 76 --
New gener has 200 
Best individual is [0, 0, 1, 1, 1, 1, 1, 0, 1, 1, 1, 0, 0, 0, 1, 0, 1, 1, 1, 1, 1, 0, 0, 0, 0, 0, 0, 0, 1, 0, 0, 1, 0, 0, 0, 1, 0, 1, 0, 0, 0, 1, 1, 1, 0, 1, 1, 0, 1, 1], (1.6159683648951501e-05,)
  Min 1.6159683649e-05
  Max 2.46287987961e-05
  Avg 2.26131322076e-05
  Std 1.61685009312e-06
-- Generation 77 --
New gener has 200 
Best individual is [0, 0, 1, 1, 1, 1, 1, 0, 1, 1, 1, 0, 0, 0, 1, 0, 1, 1, 1, 1, 1, 0, 0, 0, 0, 0, 0, 0, 1, 0, 0, 1, 0, 0, 0, 1, 0, 1, 0, 0, 0, 1, 1, 1, 0, 1, 1, 0, 1, 1], (1.6159683648951501e-05,)
  Min 1.6159683649e-05
  Max 2.46034781594e-05
  Avg 2.25644290637e-05
  Std 1.5997727712e-06
-- Generation 78 --
New gener has 200 
Best individual is [0, 0, 1, 1, 1, 1, 1, 0, 1, 1, 1, 0, 0, 0, 1, 0, 1, 1, 1, 1, 1, 0, 0, 0, 0, 0, 0, 0, 1, 0, 0, 1, 0, 0, 0, 1, 0, 1, 0, 0, 0, 1, 1, 1, 0, 1, 1, 0, 1, 1], (1.6159683648951501e-05,)
  Min 1.6159683649e-05
  Max 2.45281715599e-05
  Avg 2.24842911995e-05
  Std 1.61222545779e-06
-- Generation 79 --
New gener has 200 
Best individual is [0, 0, 1, 1, 1, 1, 1, 0, 1, 1, 1, 0, 0, 0, 1, 0, 1, 1, 1, 1, 1, 0, 0, 0, 0, 0, 0, 0, 1, 0, 0, 1, 0, 0, 0, 1, 0, 1, 0, 0, 0, 1, 1, 1, 0, 1, 1, 0, 1, 1], (1.6159683648951501e-05,)
  Min 1.6159683649e-05
  Max 2.44949578752e-05
  Avg 2.24788775938e-05
  Std 1.60651259431e-06
-- Generation 80 --
New gener has 200 
Best individual is [0, 0, 1, 1, 1, 1, 1, 0, 1, 1, 1, 0, 0, 0, 1, 0, 1, 1, 1, 1, 1, 0, 0, 0, 0, 0, 0, 0, 1, 0, 0, 1, 0, 0, 0, 1, 0, 1, 0, 0, 0, 1, 1, 1, 0, 1, 1, 0, 1, 1], (1.6159683648951501e-05,)
  Min 1.6159683649e-05
  Max 2.44638259748e-05
  Avg 2.2456431862e-05
  Std 1.59240626402e-06
-- Generation 81 --
New gener has 200 
Best individual is [0, 0, 1, 1, 1, 1, 1, 0, 1, 1, 1, 0, 0, 0, 1, 0, 1, 1, 1, 1, 1, 0, 0, 0, 0, 0, 0, 0, 1, 0, 0, 1, 0, 0, 0, 1, 0, 1, 0, 0, 0, 1, 1, 1, 0, 1, 1, 0, 1, 1], (1.6159683648951501e-05,)
  Min 1.6159683649e-05
  Max 2.44306940388e-05
  Avg 2.24271552284e-05
  Std 1.59441266414e-06
-- Generation 82 --
New gener has 200 
Best individual is [0, 0, 1, 1, 1, 1, 1, 0, 1, 1, 1, 0, 0, 0, 1, 0, 1, 1, 1, 1, 1, 0, 0, 0, 0, 0, 0, 0, 1, 0, 0, 1, 0, 0, 0, 1, 0, 1, 0, 0, 0, 1, 1, 1, 0, 1, 1, 0, 1, 1], (1.6159683648951501e-05,)
  Min 1.6159683649e-05
  Max 2.4348035191e-05
  Avg 2.23637378099e-05
  Std 1.6008677116e-06
-- Generation 83 --
New gener has 200 
Best individual is [0, 0, 1, 1, 1, 1, 1, 0, 1, 1, 1, 0, 0, 0, 1, 0, 1, 1, 1, 1, 1, 0, 0, 0, 0, 0, 0, 0, 1, 0, 0, 1, 0, 0, 0, 1, 0, 1, 0, 0, 0, 1, 1, 1, 0, 1, 1, 0, 1, 1], (1.6159683648951501e-05,)
  Min 1.6159683649e-05
  Max 2.43372888798e-05
  Avg 2.2311427914e-05
  Std 1.60733937751e-06
-- Generation 84 --
New gener has 200 
Best individual is [0, 0, 1, 1, 1, 1, 1, 0, 1, 1, 1, 0, 0, 0, 1, 0, 1, 1, 1, 1, 1, 0, 0, 0, 0, 0, 0, 0, 1, 0, 0, 1, 0, 0, 0, 1, 0, 1, 0, 0, 0, 1, 1, 1, 0, 1, 1, 0, 1, 1], (1.6159683648951501e-05,)
  Min 1.6159683649e-05
  Max 2.42543279661e-05
  Avg 2.22838257261e-05
  Std 1.59034722154e-06
-- Generation 85 --
New gener has 200 
Best individual is [0, 0, 1, 1, 1, 1, 1, 0, 1, 1, 1, 0, 0, 0, 1, 0, 1, 1, 1, 1, 1, 0, 0, 0, 0, 0, 0, 0, 1, 0, 0, 1, 0, 0, 0, 1, 0, 1, 0, 0, 0, 1, 1, 1, 0, 1, 1, 0, 1, 1], (1.6159683648951501e-05,)
  Min 1.6159683649e-05
  Max 2.42294396609e-05
  Avg 2.22434420996e-05
  Std 1.58627644017e-06
-- Generation 86 --
New gener has 200 
Best individual is [0, 0, 1, 1, 1, 1, 1, 0, 1, 1, 1, 0, 0, 0, 1, 0, 1, 1, 1, 1, 1, 0, 0, 0, 0, 0, 0, 0, 1, 0, 0, 1, 0, 0, 0, 1, 0, 1, 0, 0, 0, 1, 1, 1, 0, 1, 1, 0, 1, 1], (1.6159683648951501e-05,)
  Min 1.6159683649e-05
  Max 2.41466245437e-05
  Avg 2.21516543194e-05
  Std 1.57091329791e-06
-- Generation 87 --
New gener has 200 
Best individual is [0, 0, 1, 1, 1, 1, 1, 0, 1, 1, 1, 0, 0, 0, 1, 0, 1, 1, 1, 1, 1, 0, 0, 0, 0, 0, 0, 0, 1, 0, 0, 1, 0, 0, 0, 1, 0, 1, 0, 0, 0, 1, 1, 1, 0, 1, 1, 0, 1, 1], (1.6159683648951501e-05,)
  Min 1.6159683649e-05
  Max 2.40516352691e-05
  Avg 2.21016270927e-05
  Std 1.54092001147e-06
-- Generation 88 --
New gener has 200 
Best individual is [1, 0, 1, 0, 0, 1, 0, 0, 0, 1, 0, 0, 0, 1, 0, 0, 0, 1, 1, 1, 1, 0, 0, 0, 0, 0, 0, 0, 1, 0, 0, 1, 0, 0, 0, 1, 0, 1, 0, 0, 1, 1, 1, 0, 1, 1, 1, 1, 1, 1], (1.5718434819389161e-05,)
  Min 1.57184348194e-05
  Max 2.39187714869e-05
  Avg 2.20038908409e-05
  Std 1.59014213226e-06
-- Generation 89 --
New gener has 200 
Best individual is [1, 0, 1, 0, 0, 1, 0, 0, 0, 1, 0, 0, 0, 1, 0, 0, 0, 1, 1, 1, 1, 0, 0, 0, 0, 0, 0, 0, 1, 0, 0, 1, 0, 0, 0, 1, 0, 1, 0, 0, 1, 1, 1, 0, 1, 1, 1, 1, 1, 1], (1.5718434819389161e-05,)
  Min 1.57184348194e-05
  Max 2.39056598016e-05
  Avg 2.19982983969e-05
  Std 1.58444162546e-06
-- Generation 90 --
New gener has 200 
Best individual is [1, 0, 1, 0, 0, 1, 0, 0, 0, 1, 0, 0, 0, 1, 0, 0, 0, 1, 1, 1, 1, 0, 0, 0, 0, 0, 0, 0, 1, 0, 0, 1, 0, 0, 0, 1, 0, 1, 0, 0, 1, 1, 1, 0, 1, 1, 1, 1, 1, 1], (1.5718434819389161e-05,)
  Min 1.57184348194e-05
  Max 2.38152010034e-05
  Avg 2.19585166458e-05
  Std 1.56460064183e-06
-- Generation 91 --
New gener has 200 
Best individual is [1, 0, 1, 0, 0, 1, 0, 0, 0, 1, 0, 0, 0, 1, 0, 0, 0, 1, 1, 1, 1, 0, 0, 0, 0, 0, 0, 0, 1, 0, 0, 1, 0, 0, 0, 1, 0, 1, 0, 0, 1, 1, 1, 0, 1, 1, 1, 1, 1, 1], (1.5718434819389161e-05,)
  Min 1.57184348194e-05
  Max 2.37286335045e-05
  Avg 2.1849959898e-05
  Std 1.5583531802e-06
-- Generation 92 --
New gener has 200 
Best individual is [1, 0, 1, 0, 0, 1, 0, 0, 0, 1, 0, 0, 0, 1, 0, 0, 0, 1, 1, 1, 1, 0, 0, 0, 0, 0, 0, 0, 1, 0, 0, 1, 0, 0, 0, 1, 0, 1, 0, 0, 1, 1, 1, 0, 1, 1, 1, 1, 1, 1], (1.5718434819389161e-05,)
  Min 1.57184348194e-05
  Max 2.36579323119e-05
  Avg 2.17809665273e-05
  Std 1.54270570236e-06
-- Generation 93 --
New gener has 200 
Best individual is [1, 0, 1, 0, 0, 1, 0, 0, 0, 1, 0, 0, 0, 1, 0, 0, 0, 1, 1, 1, 1, 0, 0, 0, 0, 0, 0, 0, 1, 0, 0, 1, 0, 0, 0, 1, 0, 1, 0, 0, 1, 1, 1, 0, 1, 1, 1, 1, 1, 1], (1.5718434819389161e-05,)
  Min 1.57184348194e-05
  Max 2.36119268921e-05
  Avg 2.17476199841e-05
  Std 1.52585740192e-06
-- Generation 94 --
New gener has 200 
Best individual is [1, 0, 1, 0, 0, 1, 0, 0, 0, 1, 0, 0, 0, 1, 0, 0, 0, 1, 1, 1, 1, 0, 0, 0, 0, 0, 0, 0, 1, 0, 0, 1, 0, 0, 0, 1, 0, 1, 0, 0, 1, 1, 1, 0, 1, 1, 1, 1, 1, 1], (1.5718434819389161e-05,)
  Min 1.57184348194e-05
  Max 2.35615551965e-05
  Avg 2.16903705762e-05
  Std 1.54698404627e-06
-- Generation 95 --
New gener has 200 
Best individual is [1, 0, 1, 0, 0, 1, 0, 0, 0, 1, 0, 0, 0, 1, 0, 0, 0, 1, 1, 1, 1, 0, 0, 0, 0, 0, 0, 0, 1, 0, 0, 1, 0, 0, 0, 1, 0, 1, 0, 0, 1, 1, 1, 0, 1, 1, 1, 1, 1, 1], (1.5718434819389161e-05,)
  Min 1.57184348194e-05
  Max 2.35023100178e-05
  Avg 2.162261471e-05
  Std 1.55342965321e-06
-- Generation 96 --
New gener has 200 
Best individual is [1, 1, 0, 0, 0, 0, 1, 0, 1, 1, 0, 0, 1, 0, 0, 1, 1, 1, 0, 0, 1, 0, 0, 0, 0, 0, 0, 0, 1, 1, 0, 0, 0, 1, 0, 0, 0, 0, 1, 0, 1, 1, 1, 1, 1, 1, 0, 1, 0, 0], (1.4798755842692442e-05,)
  Min 1.47987558427e-05
  Max 2.34387901818e-05
  Avg 2.15453828007e-05
  Std 1.60867957403e-06
-- Generation 97 --
New gener has 200 
Best individual is [1, 1, 0, 0, 0, 0, 1, 0, 1, 1, 0, 0, 1, 0, 0, 1, 1, 1, 0, 0, 1, 0, 0, 0, 0, 0, 0, 0, 1, 1, 0, 0, 0, 1, 0, 0, 0, 0, 1, 0, 1, 1, 1, 1, 1, 1, 0, 1, 0, 0], (1.4798755842692442e-05,)
  Min 1.47987558427e-05
  Max 2.34370040695e-05
  Avg 2.151306602e-05
  Std 1.63502379141e-06
-- Generation 98 --
New gener has 200 
Best individual is [1, 1, 0, 0, 0, 0, 1, 0, 1, 1, 0, 0, 1, 0, 0, 1, 1, 1, 0, 0, 1, 0, 0, 0, 0, 0, 0, 0, 1, 1, 0, 0, 0, 1, 0, 0, 0, 0, 1, 0, 1, 1, 1, 1, 1, 1, 0, 1, 0, 0], (1.4798755842692442e-05,)
  Min 1.47987558427e-05
  Max 2.33483509519e-05
  Avg 2.14800634034e-05
  Std 1.61959604808e-06
-- Generation 99 --
New gener has 200 
Best individual is [1, 1, 0, 0, 0, 0, 1, 0, 1, 1, 0, 0, 1, 0, 0, 1, 1, 1, 0, 0, 1, 0, 0, 0, 0, 0, 0, 0, 1, 1, 0, 0, 0, 1, 0, 0, 0, 0, 1, 0, 1, 1, 1, 1, 1, 1, 0, 1, 0, 0], (1.4798755842692442e-05,)
  Min 1.47987558427e-05
  Max 2.32922114556e-05
  Avg 2.14182554287e-05
  Std 1.61073173612e-06
-- Generation 100 --
New gener has 200 
Best individual is [1, 1, 0, 0, 0, 0, 1, 0, 1, 1, 0, 0, 1, 0, 0, 1, 1, 1, 0, 0, 1, 0, 0, 0, 0, 0, 0, 0, 1, 1, 0, 0, 0, 1, 0, 0, 0, 0, 1, 0, 1, 1, 1, 1, 1, 1, 0, 1, 0, 0], (1.4798755842692442e-05,)
  Min 1.47987558427e-05
  Max 2.31842903069e-05
  Avg 2.13262538442e-05
  Std 1.58634480404e-06
-- Generation 101 --
New gener has 200 
Best individual is [1, 1, 0, 0, 0, 0, 1, 0, 1, 1, 0, 0, 1, 0, 0, 1, 1, 1, 0, 0, 1, 0, 0, 0, 0, 0, 0, 0, 1, 1, 0, 0, 0, 1, 0, 0, 0, 0, 1, 0, 1, 1, 1, 1, 1, 1, 0, 1, 0, 0], (1.4798755842692442e-05,)
  Min 1.47987558427e-05
  Max 2.31560837644e-05
  Avg 2.12840776079e-05
  Std 1.573687665e-06
-- Generation 102 --
New gener has 200 
Best individual is [1, 1, 0, 0, 0, 0, 1, 0, 1, 1, 0, 0, 1, 0, 0, 1, 1, 1, 0, 0, 1, 0, 0, 0, 0, 0, 0, 0, 1, 1, 0, 0, 0, 1, 0, 0, 0, 0, 1, 0, 1, 1, 1, 1, 1, 1, 0, 1, 0, 0], (1.4798755842692442e-05,)
  Min 1.47987558427e-05
  Max 2.31560837644e-05
  Avg 2.12840776079e-05
  Std 1.573687665e-06
-- Generation 103 --
New gener has 200 
Best individual is [1, 1, 0, 0, 0, 0, 1, 0, 1, 1, 0, 0, 1, 0, 0, 1, 1, 1, 0, 0, 1, 0, 0, 0, 0, 0, 0, 0, 1, 1, 0, 0, 0, 1, 0, 0, 0, 0, 1, 0, 1, 1, 1, 1, 1, 1, 0, 1, 0, 0], (1.4798755842692442e-05,)
  Min 1.47987558427e-05
  Max 2.3150441371e-05
  Avg 2.12769812099e-05
  Std 1.56842126979e-06
-- Generation 104 --
New gener has 200 
Best individual is [1, 1, 0, 0, 0, 0, 1, 0, 1, 1, 0, 0, 1, 0, 0, 1, 1, 1, 0, 0, 1, 0, 0, 0, 0, 0, 0, 0, 1, 1, 0, 0, 0, 1, 0, 0, 0, 0, 1, 0, 1, 1, 1, 1, 1, 1, 0, 1, 0, 0], (1.4798755842692442e-05,)
  Min 1.47987558427e-05
  Max 2.31001347983e-05
  Avg 2.12686942341e-05
  Std 1.5610369962e-06
-- Generation 105 --
New gener has 200 
Best individual is [1, 1, 0, 0, 0, 0, 1, 0, 1, 1, 0, 0, 1, 0, 0, 1, 1, 1, 0, 0, 1, 0, 0, 0, 0, 0, 0, 0, 1, 1, 0, 0, 0, 1, 0, 0, 0, 0, 1, 0, 1, 1, 1, 1, 1, 1, 0, 1, 0, 0], (1.4798755842692442e-05,)
  Min 1.47987558427e-05
  Max 2.30971074518e-05
  Avg 2.12484652226e-05
  Std 1.56338523965e-06
-- Generation 106 --
New gener has 200 
Best individual is [1, 1, 0, 0, 0, 0, 1, 0, 1, 1, 0, 0, 1, 0, 0, 1, 1, 1, 0, 0, 1, 0, 0, 0, 0, 0, 0, 0, 1, 1, 0, 0, 0, 1, 0, 0, 0, 0, 1, 0, 1, 1, 1, 1, 1, 1, 0, 1, 0, 0], (1.4798755842692442e-05,)
  Min 1.47987558427e-05
  Max 2.30269900389e-05
  Avg 2.11787754523e-05
  Std 1.55373085047e-06
-- Generation 107 --
New gener has 200 
Best individual is [1, 1, 0, 0, 0, 0, 1, 0, 1, 1, 0, 0, 1, 0, 0, 1, 1, 1, 0, 0, 1, 0, 0, 0, 0, 0, 0, 0, 1, 1, 0, 0, 0, 1, 0, 0, 0, 0, 1, 0, 1, 1, 1, 1, 1, 1, 0, 1, 0, 0], (1.4798755842692442e-05,)
  Min 1.47987558427e-05
  Max 2.296949527e-05
  Avg 2.11475405457e-05
  Std 1.54322905381e-06
-- Generation 108 --
New gener has 200 
Best individual is [1, 1, 0, 0, 0, 0, 1, 0, 1, 1, 0, 0, 1, 0, 0, 1, 1, 1, 0, 0, 1, 0, 0, 0, 0, 0, 0, 0, 1, 1, 0, 0, 0, 1, 0, 0, 0, 0, 1, 0, 1, 1, 1, 1, 1, 1, 0, 1, 0, 0], (1.4798755842692442e-05,)
  Min 1.47987558427e-05
  Max 2.29370147797e-05
  Avg 2.11182652004e-05
  Std 1.5331355202e-06
-- Generation 109 --
New gener has 200 
Best individual is [1, 1, 0, 0, 0, 0, 1, 0, 1, 1, 0, 0, 1, 0, 0, 1, 1, 1, 0, 0, 1, 0, 0, 0, 0, 0, 0, 0, 1, 1, 0, 0, 0, 1, 0, 0, 0, 0, 1, 0, 1, 1, 1, 1, 1, 1, 0, 1, 0, 0], (1.4798755842692442e-05,)
  Min 1.47987558427e-05
  Max 2.2920281613e-05
  Avg 2.10737818221e-05
  Std 1.55613238812e-06
-- Generation 110 --
New gener has 200 
Best individual is [1, 1, 0, 0, 0, 0, 1, 0, 1, 1, 0, 0, 1, 0, 0, 1, 1, 1, 0, 0, 1, 0, 0, 0, 0, 0, 0, 0, 1, 1, 0, 0, 0, 1, 0, 0, 0, 0, 1, 0, 1, 1, 1, 1, 1, 1, 0, 1, 0, 0], (1.4798755842692442e-05,)
  Min 1.47987558427e-05
  Max 2.29117047255e-05
  Avg 2.10631135856e-05
  Std 1.54824153885e-06
-- Generation 111 --
New gener has 200 
Best individual is [1, 1, 0, 0, 0, 0, 1, 0, 1, 1, 0, 0, 1, 0, 0, 1, 1, 1, 0, 0, 1, 0, 0, 0, 0, 0, 0, 0, 1, 1, 0, 0, 0, 1, 0, 0, 0, 0, 1, 0, 1, 1, 1, 1, 1, 1, 0, 1, 0, 0], (1.4798755842692442e-05,)
  Min 1.47987558427e-05
  Max 2.28998472464e-05
  Avg 2.10450353e-05
  Std 1.5349453071e-06
-- Generation 112 --
New gener has 200 
Best individual is [1, 1, 0, 0, 0, 0, 1, 0, 1, 1, 0, 0, 1, 0, 0, 1, 1, 1, 0, 0, 1, 0, 0, 0, 0, 0, 0, 0, 1, 1, 0, 0, 0, 1, 0, 0, 0, 0, 1, 0, 1, 1, 1, 1, 1, 1, 0, 1, 0, 0], (1.4798755842692442e-05,)
  Min 1.47987558427e-05
  Max 2.28998472464e-05
  Avg 2.10450353e-05
  Std 1.5349453071e-06
-- Generation 113 --
New gener has 200 
Best individual is [1, 1, 0, 0, 0, 0, 1, 0, 1, 1, 0, 0, 1, 0, 0, 1, 1, 1, 0, 0, 1, 0, 0, 0, 0, 0, 0, 0, 1, 1, 0, 0, 0, 1, 0, 0, 0, 0, 1, 0, 1, 1, 1, 1, 1, 1, 0, 1, 0, 0], (1.4798755842692442e-05,)
  Min 1.47987558427e-05
  Max 2.28765735229e-05
  Avg 2.1015445835e-05
  Std 1.52650646253e-06
-- Generation 114 --
New gener has 200 
Best individual is [1, 1, 0, 0, 0, 0, 1, 0, 1, 1, 0, 0, 1, 0, 0, 1, 1, 1, 0, 0, 1, 0, 0, 0, 0, 0, 0, 0, 1, 1, 0, 0, 0, 1, 0, 0, 0, 0, 1, 0, 1, 1, 1, 1, 1, 1, 0, 1, 0, 0], (1.4798755842692442e-05,)
  Min 1.47987558427e-05
  Max 2.28699406211e-05
  Avg 2.10116146705e-05
  Std 1.52278767202e-06
-- Generation 115 --
New gener has 200 
Best individual is [1, 1, 0, 0, 0, 0, 1, 0, 1, 1, 0, 0, 1, 0, 0, 1, 1, 1, 0, 0, 1, 0, 0, 0, 0, 0, 0, 0, 1, 1, 0, 0, 0, 1, 0, 0, 0, 0, 1, 0, 1, 1, 1, 1, 1, 1, 0, 1, 0, 0], (1.4798755842692442e-05,)
  Min 1.47987558427e-05
  Max 2.28603583601e-05
  Avg 2.10004842296e-05
  Std 1.51579291418e-06
-- Generation 116 --
New gener has 200 
Best individual is [1, 1, 0, 0, 0, 0, 1, 0, 1, 1, 0, 0, 1, 0, 0, 1, 1, 1, 0, 0, 1, 0, 0, 0, 0, 0, 0, 0, 1, 1, 0, 0, 0, 1, 0, 0, 0, 0, 1, 0, 1, 1, 1, 1, 1, 1, 0, 1, 0, 0], (1.4798755842692442e-05,)
  Min 1.47987558427e-05
  Max 2.28016023938e-05
  Avg 2.09989226869e-05
  Std 1.51403594994e-06
-- Generation 117 --
New gener has 200 
Best individual is [1, 1, 0, 0, 0, 0, 1, 0, 1, 1, 0, 0, 1, 0, 0, 1, 1, 1, 0, 0, 1, 0, 0, 0, 0, 0, 0, 0, 1, 1, 0, 0, 0, 1, 0, 0, 0, 0, 1, 0, 1, 1, 1, 1, 1, 1, 0, 1, 0, 0], (1.4798755842692442e-05,)
  Min 1.47987558427e-05
  Max 2.27381038089e-05
  Avg 2.09864420204e-05
  Std 1.50237467961e-06
-- Generation 118 --
New gener has 200 
Best individual is [1, 1, 0, 0, 0, 0, 1, 0, 1, 1, 0, 0, 1, 0, 0, 1, 1, 1, 0, 0, 1, 0, 0, 0, 0, 0, 0, 0, 1, 1, 0, 0, 0, 1, 0, 0, 0, 0, 1, 0, 1, 1, 1, 1, 1, 1, 0, 1, 0, 0], (1.4798755842692442e-05,)
  Min 1.47987558427e-05
  Max 2.2736261678e-05
  Avg 2.09829427398e-05
  Std 1.49910216922e-06
-- Generation 119 --
New gener has 200 
Best individual is [1, 1, 0, 0, 0, 0, 1, 0, 1, 1, 0, 0, 1, 0, 0, 1, 1, 1, 0, 0, 1, 0, 0, 0, 0, 0, 0, 0, 1, 1, 0, 0, 0, 1, 0, 0, 0, 0, 1, 0, 1, 1, 1, 1, 1, 1, 0, 1, 0, 0], (1.4798755842692442e-05,)
  Min 1.47987558427e-05
  Max 2.27066247657e-05
  Avg 2.09591269178e-05
  Std 1.48372988078e-06
-- Generation 120 --
New gener has 200 
Best individual is [1, 1, 0, 0, 0, 0, 1, 0, 1, 1, 0, 0, 1, 0, 0, 1, 1, 1, 0, 0, 1, 0, 0, 0, 0, 0, 0, 0, 1, 1, 0, 0, 0, 1, 0, 0, 0, 0, 1, 0, 1, 1, 1, 1, 1, 1, 0, 1, 0, 0], (1.4798755842692442e-05,)
  Min 1.47987558427e-05
  Max 2.26823046784e-05
  Avg 2.09568461233e-05
  Std 1.48123579812e-06
-- Generation 121 --
New gener has 200 
Best individual is [1, 1, 0, 0, 0, 0, 1, 0, 1, 1, 0, 0, 1, 0, 0, 1, 1, 1, 0, 0, 1, 0, 0, 0, 0, 0, 0, 0, 1, 1, 0, 0, 0, 1, 0, 0, 0, 0, 1, 0, 1, 1, 1, 1, 1, 1, 0, 1, 0, 0], (1.4798755842692442e-05,)
  Min 1.47987558427e-05
  Max 2.26402516657e-05
  Avg 2.09203045202e-05
  Std 1.47353766388e-06
-- Generation 122 --
New gener has 200 
Best individual is [1, 1, 0, 0, 0, 0, 1, 0, 1, 1, 0, 0, 1, 0, 0, 1, 1, 1, 0, 0, 1, 0, 0, 0, 0, 0, 0, 0, 1, 1, 0, 0, 0, 1, 0, 0, 0, 0, 1, 0, 1, 1, 1, 1, 1, 1, 0, 1, 0, 0], (1.4798755842692442e-05,)
  Min 1.47987558427e-05
  Max 2.26160092801e-05
  Avg 2.0892824677e-05
  Std 1.46987900706e-06
-- Generation 123 --
New gener has 200 
Best individual is [1, 1, 0, 0, 0, 0, 1, 0, 1, 1, 0, 0, 1, 0, 0, 1, 1, 1, 0, 0, 1, 0, 0, 0, 0, 0, 0, 0, 1, 1, 0, 0, 0, 1, 0, 0, 0, 0, 1, 0, 1, 1, 1, 1, 1, 1, 0, 1, 0, 0], (1.4798755842692442e-05,)
  Min 1.47987558427e-05
  Max 2.25881346468e-05
  Avg 2.08747833255e-05
  Std 1.45725419841e-06
-- Generation 124 --
New gener has 200 
Best individual is [1, 1, 0, 0, 0, 0, 1, 0, 1, 1, 0, 0, 1, 0, 0, 1, 1, 1, 0, 0, 1, 0, 0, 0, 0, 0, 0, 0, 1, 1, 0, 0, 0, 1, 0, 0, 0, 0, 1, 0, 1, 1, 1, 1, 1, 1, 0, 1, 0, 0], (1.4798755842692442e-05,)
  Min 1.47987558427e-05
  Max 2.25881346468e-05
  Avg 2.08747833255e-05
  Std 1.45725419841e-06
-- Generation 125 --
New gener has 200 
Best individual is [1, 1, 0, 0, 0, 0, 1, 0, 1, 1, 0, 0, 1, 0, 0, 1, 1, 1, 0, 0, 1, 0, 0, 0, 0, 0, 0, 0, 1, 1, 0, 0, 0, 1, 0, 0, 0, 0, 1, 0, 1, 1, 1, 1, 1, 1, 0, 1, 0, 0], (1.4798755842692442e-05,)
  Min 1.47987558427e-05
  Max 2.25576854603e-05
  Avg 2.08625987458e-05
  Std 1.4484052291e-06
-- Generation 126 --
New gener has 200 
Best individual is [1, 0, 0, 1, 0, 0, 1, 0, 1, 1, 0, 0, 0, 0, 0, 0, 0, 0, 0, 1, 0, 1, 1, 0, 0, 1, 0, 1, 1, 0, 0, 0, 1, 0, 0, 1, 1, 0, 0, 0, 0, 1, 1, 1, 1, 1, 1, 0, 1, 0], (1.4465171099840467e-05,)
  Min 1.44651710998e-05
  Max 2.25275566571e-05
  Avg 2.07754027441e-05
  Std 1.49801511563e-06
-- Generation 127 --
New gener has 200 
Best individual is [1, 0, 0, 1, 0, 0, 1, 0, 1, 1, 0, 0, 0, 0, 0, 0, 0, 0, 0, 1, 0, 1, 1, 0, 0, 1, 0, 1, 1, 0, 0, 0, 1, 0, 0, 1, 1, 0, 0, 0, 0, 1, 1, 1, 1, 1, 1, 0, 1, 0], (1.4465171099840467e-05,)
  Min 1.44651710998e-05
  Max 2.24432014321e-05
  Avg 2.07265197227e-05
  Std 1.48731752032e-06
-- Generation 128 --
New gener has 200 
Best individual is [1, 0, 0, 1, 0, 0, 1, 0, 1, 1, 0, 0, 0, 0, 0, 0, 0, 0, 0, 1, 0, 1, 1, 0, 0, 1, 0, 1, 1, 0, 0, 0, 1, 0, 0, 1, 1, 0, 0, 0, 0, 1, 1, 1, 1, 1, 1, 0, 1, 0], (1.4465171099840467e-05,)
  Min 1.44651710998e-05
  Max 2.24160092125e-05
  Avg 2.06993302815e-05
  Std 1.48368140352e-06
-- Generation 129 --
New gener has 200 
Best individual is [1, 0, 0, 1, 0, 0, 1, 0, 1, 1, 0, 0, 0, 0, 0, 0, 0, 0, 0, 1, 0, 1, 1, 0, 0, 1, 0, 1, 1, 0, 0, 0, 1, 0, 0, 1, 1, 0, 0, 0, 0, 1, 1, 1, 1, 1, 1, 0, 1, 0], (1.4465171099840467e-05,)
  Min 1.44651710998e-05
  Max 2.23837090586e-05
  Avg 2.06749834278e-05
  Std 1.49350112506e-06
-- Generation 130 --
New gener has 200 
Best individual is [1, 0, 0, 1, 0, 0, 1, 0, 1, 1, 0, 0, 0, 0, 0, 0, 0, 0, 0, 1, 0, 1, 1, 0, 0, 1, 0, 1, 1, 0, 0, 0, 1, 0, 0, 1, 1, 0, 0, 0, 0, 1, 1, 1, 1, 1, 1, 0, 1, 0], (1.4465171099840467e-05,)
  Min 1.44651710998e-05
  Max 2.23668946028e-05
  Avg 2.06717579079e-05
  Std 1.49050090412e-06
-- Generation 131 --
New gener has 200 
Best individual is [1, 0, 0, 1, 0, 0, 1, 0, 1, 1, 0, 0, 0, 0, 0, 0, 0, 0, 0, 1, 0, 1, 1, 0, 0, 1, 0, 1, 1, 0, 0, 0, 1, 0, 0, 1, 1, 0, 0, 0, 0, 1, 1, 1, 1, 1, 1, 0, 1, 0], (1.4465171099840467e-05,)
  Min 1.44651710998e-05
  Max 2.23396765285e-05
  Avg 2.06427181731e-05
  Std 1.48202433768e-06
-- Generation 132 --
New gener has 200 
Best individual is [1, 0, 0, 1, 0, 0, 1, 0, 1, 1, 0, 0, 0, 0, 0, 0, 0, 0, 0, 1, 0, 1, 1, 0, 0, 1, 0, 1, 1, 0, 0, 0, 1, 0, 0, 1, 1, 0, 0, 0, 0, 1, 1, 1, 1, 1, 1, 0, 1, 0], (1.4465171099840467e-05,)
  Min 1.44651710998e-05
  Max 2.23079114172e-05
  Avg 2.06135476907e-05
  Std 1.48054988784e-06
-- Generation 133 --
New gener has 200 
Best individual is [1, 0, 0, 1, 0, 0, 1, 0, 1, 1, 0, 0, 0, 0, 0, 0, 0, 0, 0, 1, 0, 1, 1, 0, 0, 1, 0, 1, 1, 0, 0, 0, 1, 0, 0, 1, 1, 0, 0, 0, 0, 1, 1, 1, 1, 1, 1, 0, 1, 0], (1.4465171099840467e-05,)
  Min 1.44651710998e-05
  Max 2.22876020917e-05
  Avg 2.05932978263e-05
  Std 1.47619831432e-06
-- Generation 134 --
New gener has 200 
Best individual is [1, 0, 0, 1, 0, 0, 1, 0, 1, 1, 0, 0, 0, 0, 0, 0, 0, 0, 0, 1, 0, 1, 1, 0, 0, 1, 0, 1, 1, 0, 0, 0, 1, 0, 0, 1, 1, 0, 0, 0, 0, 1, 1, 1, 1, 1, 1, 0, 1, 0], (1.4465171099840467e-05,)
  Min 1.44651710998e-05
  Max 2.2248674915e-05
  Avg 2.05413002745e-05
  Std 1.51128499229e-06
-- Generation 135 --
New gener has 200 
Best individual is [1, 0, 0, 1, 0, 0, 1, 0, 1, 1, 0, 0, 0, 0, 0, 0, 0, 0, 0, 1, 0, 1, 1, 0, 0, 1, 0, 1, 1, 0, 0, 0, 1, 0, 0, 1, 1, 0, 0, 0, 0, 1, 1, 1, 1, 1, 1, 0, 1, 0], (1.4465171099840467e-05,)
  Min 1.44651710998e-05
  Max 2.22290486671e-05
  Avg 2.05385481817e-05
  Std 1.50867221422e-06
-- Generation 136 --
New gener has 200 
Best individual is [1, 0, 0, 1, 0, 0, 1, 0, 1, 1, 0, 0, 0, 0, 0, 0, 0, 0, 0, 1, 0, 1, 1, 0, 0, 1, 0, 1, 1, 0, 0, 0, 1, 0, 0, 1, 1, 0, 0, 0, 0, 1, 1, 1, 1, 1, 1, 0, 1, 0], (1.4465171099840467e-05,)
  Min 1.44651710998e-05
  Max 2.21841287893e-05
  Avg 2.05010843548e-05
  Std 1.51985217414e-06
-- Generation 137 --
New gener has 200 
Best individual is [1, 0, 0, 1, 0, 0, 1, 0, 1, 1, 0, 0, 0, 0, 0, 0, 0, 0, 0, 1, 0, 1, 1, 0, 0, 1, 0, 1, 1, 0, 0, 0, 1, 0, 0, 1, 1, 0, 0, 0, 0, 1, 1, 1, 1, 1, 1, 0, 1, 0], (1.4465171099840467e-05,)
  Min 1.44651710998e-05
  Max 2.21275717282e-05
  Avg 2.04450798377e-05
  Std 1.50347204509e-06
-- Generation 138 --
New gener has 200 
Best individual is [1, 0, 0, 1, 0, 0, 1, 0, 1, 1, 0, 0, 0, 0, 0, 0, 0, 0, 0, 1, 0, 1, 1, 0, 0, 1, 0, 1, 1, 0, 0, 0, 1, 0, 0, 1, 1, 0, 0, 0, 0, 1, 1, 1, 1, 1, 1, 0, 1, 0], (1.4465171099840467e-05,)
  Min 1.44651710998e-05
  Max 2.21103406313e-05
  Avg 2.04096553893e-05
  Std 1.50516619934e-06
-- Generation 139 --
New gener has 200 
Best individual is [1, 0, 0, 1, 0, 0, 1, 0, 1, 1, 0, 0, 0, 0, 0, 0, 0, 0, 0, 1, 0, 1, 1, 0, 0, 1, 0, 1, 1, 0, 0, 0, 1, 0, 0, 1, 1, 0, 0, 0, 0, 1, 1, 1, 1, 1, 1, 0, 1, 0], (1.4465171099840467e-05,)
  Min 1.44651710998e-05
  Max 2.21082704273e-05
  Avg 2.0386748054e-05
  Std 1.51394630352e-06
-- Generation 140 --
New gener has 200 
Best individual is [1, 0, 0, 1, 0, 0, 1, 0, 1, 1, 0, 0, 0, 0, 0, 0, 0, 0, 0, 1, 0, 1, 1, 0, 0, 1, 0, 1, 1, 0, 0, 0, 1, 0, 0, 1, 1, 0, 0, 0, 0, 1, 1, 1, 1, 1, 1, 0, 1, 0], (1.4465171099840467e-05,)
  Min 1.44651710998e-05
  Max 2.20681393817e-05
  Avg 2.03677486043e-05
  Std 1.50110387923e-06
-- Generation 141 --
New gener has 200 
Best individual is [1, 0, 0, 1, 0, 0, 1, 0, 1, 1, 0, 0, 0, 0, 0, 0, 0, 0, 0, 1, 0, 1, 1, 0, 0, 1, 0, 1, 1, 0, 0, 0, 1, 0, 0, 1, 1, 0, 0, 0, 0, 1, 1, 1, 1, 1, 1, 0, 1, 0], (1.4465171099840467e-05,)
  Min 1.44651710998e-05
  Max 2.20382476977e-05
  Avg 2.03596993645e-05
  Std 1.4962728401e-06
-- Generation 142 --
New gener has 200 
Best individual is [1, 0, 0, 1, 0, 0, 1, 0, 1, 1, 0, 0, 0, 0, 0, 0, 0, 0, 0, 1, 0, 1, 1, 0, 0, 1, 0, 1, 1, 0, 0, 0, 1, 0, 0, 1, 1, 0, 0, 0, 0, 1, 1, 1, 1, 1, 1, 0, 1, 0], (1.4465171099840467e-05,)
  Min 1.44651710998e-05
  Max 2.20186516882e-05
  Avg 2.03561301869e-05
  Std 1.49311265633e-06
-- Generation 143 --
New gener has 200 
Best individual is [1, 0, 0, 1, 0, 0, 1, 0, 1, 1, 0, 0, 0, 0, 0, 0, 0, 0, 0, 1, 0, 1, 1, 0, 0, 1, 0, 1, 1, 0, 0, 0, 1, 0, 0, 1, 1, 0, 0, 0, 0, 1, 1, 1, 1, 1, 1, 0, 1, 0], (1.4465171099840467e-05,)
  Min 1.44651710998e-05
  Max 2.20102408433e-05
  Avg 2.03529536231e-05
  Std 1.48992607026e-06
-- Generation 144 --
New gener has 200 
Best individual is [1, 0, 0, 1, 0, 0, 1, 0, 1, 1, 0, 0, 0, 0, 0, 0, 0, 0, 0, 1, 0, 1, 1, 0, 0, 1, 0, 1, 1, 0, 0, 0, 1, 0, 0, 1, 1, 0, 0, 0, 0, 1, 1, 1, 1, 1, 1, 0, 1, 0], (1.4465171099840467e-05,)
  Min 1.44651710998e-05
  Max 2.19816714553e-05
  Avg 2.03240950034e-05
  Std 1.47405285165e-06
-- Generation 145 --
New gener has 200 
Best individual is [1, 0, 0, 1, 0, 0, 1, 0, 1, 1, 0, 0, 0, 0, 0, 0, 0, 0, 0, 1, 0, 1, 1, 0, 0, 1, 0, 1, 1, 0, 0, 0, 1, 0, 0, 1, 1, 0, 0, 0, 0, 1, 1, 1, 1, 1, 1, 0, 1, 0], (1.4465171099840467e-05,)
  Min 1.44651710998e-05
  Max 2.19498788678e-05
  Avg 2.03056891603e-05
  Std 1.46793611716e-06
-- Generation 146 --
New gener has 200 
Best individual is [1, 0, 0, 1, 0, 0, 1, 0, 1, 1, 0, 0, 0, 0, 0, 0, 0, 0, 0, 1, 0, 1, 1, 0, 0, 1, 0, 1, 1, 0, 0, 0, 1, 0, 0, 1, 1, 0, 0, 0, 0, 1, 1, 1, 1, 1, 1, 0, 1, 0], (1.4465171099840467e-05,)
  Min 1.44651710998e-05
  Max 2.19196804751e-05
  Avg 2.02987219219e-05
  Std 1.46123859867e-06
-- Generation 147 --
New gener has 200 
Best individual is [1, 0, 0, 1, 0, 0, 1, 0, 1, 1, 0, 0, 0, 0, 0, 0, 0, 0, 0, 1, 0, 1, 1, 0, 0, 1, 0, 1, 1, 0, 0, 0, 1, 0, 0, 1, 1, 0, 0, 0, 0, 1, 1, 1, 1, 1, 1, 0, 1, 0], (1.4465171099840467e-05,)
  Min 1.44651710998e-05
  Max 2.19196804751e-05
  Avg 2.02987219219e-05
  Std 1.46123859867e-06
-- Generation 148 --
New gener has 200 
Best individual is [1, 0, 0, 1, 0, 0, 1, 0, 1, 1, 0, 0, 0, 0, 0, 0, 0, 0, 0, 1, 0, 1, 1, 0, 0, 1, 0, 1, 1, 0, 0, 0, 1, 0, 0, 1, 1, 0, 0, 0, 0, 1, 1, 1, 1, 1, 1, 0, 1, 0], (1.4465171099840467e-05,)
  Min 1.44651710998e-05
  Max 2.1908453541e-05
  Avg 2.0279064398e-05
  Std 1.45753489775e-06
-- Generation 149 --
New gener has 200 
Best individual is [1, 0, 0, 1, 0, 0, 1, 0, 1, 1, 0, 0, 0, 0, 0, 0, 0, 0, 0, 1, 0, 1, 1, 0, 0, 1, 0, 1, 1, 0, 0, 0, 1, 0, 0, 1, 1, 0, 0, 0, 0, 1, 1, 1, 1, 1, 1, 0, 1, 0], (1.4465171099840467e-05,)
  Min 1.44651710998e-05
  Max 2.18332209862e-05
  Avg 2.0250079411e-05
  Std 1.46475504765e-06
-- Generation 150 --
New gener has 200 
Best individual is [1, 0, 0, 1, 0, 0, 1, 0, 1, 1, 0, 0, 0, 0, 0, 0, 0, 0, 0, 1, 0, 1, 1, 0, 0, 1, 0, 1, 1, 0, 0, 0, 1, 0, 0, 1, 1, 0, 0, 0, 0, 1, 1, 1, 1, 1, 1, 0, 1, 0], (1.4465171099840467e-05,)
  Min 1.44651710998e-05
  Max 2.18019198728e-05
  Avg 2.0237729948e-05
  Std 1.45642221818e-06
-- Generation 151 --
New gener has 200 
Best individual is [1, 0, 0, 1, 0, 0, 1, 0, 1, 1, 0, 0, 0, 0, 0, 0, 0, 0, 0, 1, 0, 1, 1, 0, 0, 1, 0, 1, 1, 0, 0, 0, 1, 0, 0, 1, 1, 0, 0, 0, 0, 1, 1, 1, 1, 1, 1, 0, 1, 0], (1.4465171099840467e-05,)
  Min 1.44651710998e-05
  Max 2.17753050575e-05
  Avg 2.02057734836e-05
  Std 1.44840093416e-06
-- Generation 152 --
New gener has 200 
Best individual is [1, 0, 0, 1, 0, 0, 1, 0, 1, 1, 0, 0, 0, 0, 0, 0, 0, 0, 0, 1, 0, 1, 1, 0, 0, 1, 0, 1, 1, 0, 0, 0, 1, 0, 0, 1, 1, 0, 0, 0, 0, 1, 1, 1, 1, 1, 1, 0, 1, 0], (1.4465171099840467e-05,)
  Min 1.44651710998e-05
  Max 2.17721667925e-05
  Avg 2.02005376035e-05
  Std 1.44460547609e-06
-- Generation 153 --
New gener has 200 
Best individual is [1, 0, 0, 1, 0, 0, 1, 0, 1, 1, 0, 0, 0, 0, 0, 0, 0, 0, 0, 1, 0, 1, 1, 0, 0, 1, 0, 1, 1, 0, 0, 0, 1, 0, 0, 1, 1, 0, 0, 0, 0, 1, 1, 1, 1, 1, 1, 0, 1, 0], (1.4465171099840467e-05,)
  Min 1.44651710998e-05
  Max 2.17643152586e-05
  Avg 2.01854128219e-05
  Std 1.43612287321e-06
-- Generation 154 --
New gener has 200 
Best individual is [1, 0, 0, 1, 0, 0, 1, 0, 1, 1, 0, 0, 0, 0, 0, 0, 0, 0, 0, 1, 0, 1, 1, 0, 0, 1, 0, 1, 1, 0, 0, 0, 1, 0, 0, 1, 1, 0, 0, 0, 0, 1, 1, 1, 1, 1, 1, 0, 1, 0], (1.4465171099840467e-05,)
  Min 1.44651710998e-05
  Max 2.17567189738e-05
  Avg 2.01810469249e-05
  Std 1.43200747573e-06
-- Generation 155 --
New gener has 200 
Best individual is [1, 0, 0, 1, 0, 0, 1, 0, 1, 1, 0, 0, 0, 0, 0, 0, 0, 0, 0, 1, 0, 1, 1, 0, 0, 1, 0, 1, 1, 0, 0, 0, 1, 0, 0, 1, 1, 0, 0, 0, 0, 1, 1, 1, 1, 1, 1, 0, 1, 0], (1.4465171099840467e-05,)
  Min 1.44651710998e-05
  Max 2.17386050722e-05
  Avg 2.01572306272e-05
  Std 1.42551349977e-06
-- Generation 156 --
New gener has 200 
Best individual is [1, 0, 0, 1, 0, 0, 1, 0, 1, 1, 0, 0, 0, 0, 0, 0, 0, 0, 0, 1, 0, 1, 1, 0, 0, 1, 0, 1, 1, 0, 0, 0, 1, 0, 0, 1, 1, 0, 0, 0, 0, 1, 1, 1, 1, 1, 1, 0, 1, 0], (1.4465171099840467e-05,)
  Min 1.44651710998e-05
  Max 2.17255677397e-05
  Avg 2.01285973357e-05
  Std 1.40782607717e-06
-- Generation 157 --
New gener has 200 
Best individual is [1, 0, 0, 1, 0, 0, 1, 0, 1, 1, 0, 0, 0, 0, 0, 0, 0, 0, 0, 1, 0, 1, 1, 0, 0, 1, 0, 1, 1, 0, 0, 0, 1, 0, 0, 1, 1, 0, 0, 0, 0, 1, 1, 1, 1, 1, 1, 0, 1, 0], (1.4465171099840467e-05,)
  Min 1.44651710998e-05
  Max 2.17116801046e-05
  Avg 2.00978423448e-05
  Std 1.40544942584e-06
-- Generation 158 --
New gener has 200 
Best individual is [1, 0, 0, 1, 0, 0, 1, 0, 1, 1, 0, 0, 0, 0, 0, 0, 0, 0, 0, 1, 0, 1, 1, 0, 0, 1, 0, 1, 1, 0, 0, 0, 1, 0, 0, 1, 1, 0, 0, 0, 0, 1, 1, 1, 1, 1, 1, 0, 1, 0], (1.4465171099840467e-05,)
  Min 1.44651710998e-05
  Max 2.16982563568e-05
  Avg 2.00680543555e-05
  Std 1.39753408988e-06
-- Generation 159 --
New gener has 200 
Best individual is [1, 0, 0, 1, 0, 0, 1, 0, 1, 1, 0, 0, 0, 0, 0, 0, 0, 0, 0, 1, 0, 1, 1, 0, 0, 1, 0, 1, 1, 0, 0, 0, 1, 0, 0, 1, 1, 0, 0, 0, 0, 1, 1, 1, 1, 1, 1, 0, 1, 0], (1.4465171099840467e-05,)
  Min 1.44651710998e-05
  Max 2.16764360809e-05
  Avg 2.00507013893e-05
  Std 1.39873078675e-06
-- Generation 160 --
New gener has 200 
Best individual is [1, 0, 0, 1, 0, 0, 1, 0, 1, 1, 0, 0, 0, 0, 0, 0, 0, 0, 0, 1, 0, 1, 1, 0, 0, 1, 0, 1, 1, 0, 0, 0, 1, 0, 0, 1, 1, 0, 0, 0, 0, 1, 1, 1, 1, 1, 1, 0, 1, 0], (1.4465171099840467e-05,)
  Min 1.44651710998e-05
  Max 2.16604770795e-05
  Avg 2.00447035778e-05
  Std 1.39431161802e-06
-- Generation 161 --
New gener has 200 
Best individual is [1, 0, 0, 1, 0, 0, 1, 0, 1, 1, 0, 0, 0, 0, 0, 0, 0, 0, 0, 1, 0, 1, 1, 0, 0, 1, 0, 1, 1, 0, 0, 0, 1, 0, 0, 1, 1, 0, 0, 0, 0, 1, 1, 1, 1, 1, 1, 0, 1, 0], (1.4465171099840467e-05,)
  Min 1.44651710998e-05
  Max 2.16325065877e-05
  Avg 2.00244558703e-05
  Std 1.38455802822e-06
-- Generation 162 --
New gener has 200 
Best individual is [1, 0, 0, 1, 0, 0, 1, 0, 1, 1, 0, 0, 0, 0, 0, 0, 0, 0, 0, 1, 0, 1, 1, 0, 0, 1, 0, 1, 1, 0, 0, 0, 1, 0, 0, 1, 1, 0, 0, 0, 0, 1, 1, 1, 1, 1, 1, 0, 1, 0], (1.4465171099840467e-05,)
  Min 1.44651710998e-05
  Max 2.16305799493e-05
  Avg 2.00063083437e-05
  Std 1.37643526153e-06
-- Generation 163 --
New gener has 200 
Best individual is [1, 0, 0, 1, 0, 0, 1, 0, 1, 1, 0, 0, 0, 0, 0, 0, 0, 0, 0, 1, 0, 1, 1, 0, 0, 1, 0, 1, 1, 0, 0, 0, 1, 0, 0, 1, 1, 0, 0, 0, 0, 1, 1, 1, 1, 1, 1, 0, 1, 0], (1.4465171099840467e-05,)
  Min 1.44651710998e-05
  Max 2.16305799493e-05
  Avg 2.00063083437e-05
  Std 1.37643526153e-06
-- Generation 164 --
New gener has 200 
Best individual is [1, 0, 0, 1, 0, 0, 1, 0, 1, 1, 0, 0, 0, 0, 0, 0, 0, 0, 0, 1, 0, 1, 1, 0, 0, 1, 0, 1, 1, 0, 0, 0, 1, 0, 0, 1, 1, 0, 0, 0, 0, 1, 1, 1, 1, 1, 1, 0, 1, 0], (1.4465171099840467e-05,)
  Min 1.44651710998e-05
  Max 2.16280671354e-05
  Avg 1.99863648087e-05
  Std 1.38164314035e-06
-- Generation 165 --
New gener has 200 
Best individual is [1, 0, 0, 1, 0, 0, 1, 0, 1, 1, 0, 0, 0, 0, 0, 0, 0, 0, 0, 1, 0, 1, 1, 0, 0, 1, 0, 1, 1, 0, 0, 0, 1, 0, 0, 1, 1, 0, 0, 0, 0, 1, 1, 1, 1, 1, 1, 0, 1, 0], (1.4465171099840467e-05,)
  Min 1.44651710998e-05
  Max 2.16111068254e-05
  Avg 1.99553850912e-05
  Std 1.37323340393e-06
-- Generation 166 --
New gener has 200 
Best individual is [1, 0, 0, 1, 0, 0, 1, 0, 1, 1, 0, 0, 0, 0, 0, 0, 0, 0, 0, 1, 0, 1, 1, 0, 0, 1, 0, 1, 1, 0, 0, 0, 1, 0, 0, 1, 1, 0, 0, 0, 0, 1, 1, 1, 1, 1, 1, 0, 1, 0], (1.4465171099840467e-05,)
  Min 1.44651710998e-05
  Max 2.15503045813e-05
  Avg 1.98877248497e-05
  Std 1.38344780495e-06
-- Generation 167 --
New gener has 200 
Best individual is [1, 0, 0, 1, 0, 0, 1, 0, 1, 1, 0, 0, 0, 0, 0, 0, 0, 0, 0, 1, 0, 1, 1, 0, 0, 1, 0, 1, 1, 0, 0, 0, 1, 0, 0, 1, 1, 0, 0, 0, 0, 1, 1, 1, 1, 1, 1, 0, 1, 0], (1.4465171099840467e-05,)
  Min 1.44651710998e-05
  Max 2.15485819181e-05
  Avg 1.98682060026e-05
  Std 1.38738626309e-06
-- Generation 168 --
New gener has 200 
Best individual is [1, 0, 0, 1, 0, 0, 1, 0, 1, 1, 0, 0, 0, 0, 0, 0, 0, 0, 0, 1, 0, 1, 1, 0, 0, 1, 0, 1, 1, 0, 0, 0, 1, 0, 0, 1, 1, 0, 0, 0, 0, 1, 1, 1, 1, 1, 1, 0, 1, 0], (1.4465171099840467e-05,)
  Min 1.44651710998e-05
  Max 2.1493403047e-05
  Avg 1.98448169257e-05
  Std 1.3735656129e-06
-- Generation 169 --
New gener has 200 
Best individual is [1, 0, 0, 1, 0, 0, 1, 0, 1, 1, 0, 0, 0, 0, 0, 0, 0, 0, 0, 1, 0, 1, 1, 0, 0, 1, 0, 1, 1, 0, 0, 0, 1, 0, 0, 1, 1, 0, 0, 0, 0, 1, 1, 1, 1, 1, 1, 0, 1, 0], (1.4465171099840467e-05,)
  Min 1.44651710998e-05
  Max 2.14249070568e-05
  Avg 1.98246996866e-05
  Std 1.36230182007e-06
-- Generation 170 --
New gener has 200 
Best individual is [1, 0, 0, 1, 0, 0, 1, 0, 1, 1, 0, 0, 0, 0, 0, 0, 0, 0, 0, 1, 0, 1, 1, 0, 0, 1, 0, 1, 1, 0, 0, 0, 1, 0, 0, 1, 1, 0, 0, 0, 0, 1, 1, 1, 1, 1, 1, 0, 1, 0], (1.4465171099840467e-05,)
  Min 1.44651710998e-05
  Max 2.14220015543e-05
  Avg 1.98199773748e-05
  Std 1.35837794379e-06
-- Generation 171 --
New gener has 200 
Best individual is [1, 0, 0, 1, 0, 0, 1, 0, 1, 1, 0, 0, 0, 0, 0, 0, 0, 0, 0, 1, 0, 1, 1, 0, 0, 1, 0, 1, 1, 0, 0, 0, 1, 0, 0, 1, 1, 0, 0, 0, 0, 1, 1, 1, 1, 1, 1, 0, 1, 0], (1.4465171099840467e-05,)
  Min 1.44651710998e-05
  Max 2.14091815107e-05
  Avg 1.98018507763e-05
  Std 1.35058472218e-06
-- Generation 172 --
New gener has 200 
Best individual is [1, 0, 0, 1, 0, 0, 1, 0, 1, 1, 0, 0, 0, 0, 0, 0, 0, 0, 0, 1, 0, 1, 1, 0, 0, 1, 0, 1, 1, 0, 0, 0, 1, 0, 0, 1, 1, 0, 0, 0, 0, 1, 1, 1, 1, 1, 1, 0, 1, 0], (1.4465171099840467e-05,)
  Min 1.44651710998e-05
  Max 2.1403389884e-05
  Avg 1.97693653729e-05
  Std 1.3513886039e-06
-- Generation 173 --
New gener has 200 
Best individual is [1, 0, 0, 1, 0, 0, 1, 0, 1, 1, 0, 0, 0, 0, 0, 0, 0, 0, 0, 1, 0, 1, 1, 0, 0, 1, 0, 1, 1, 0, 0, 0, 1, 0, 0, 1, 1, 0, 0, 0, 0, 1, 1, 1, 1, 1, 1, 0, 1, 0], (1.4465171099840467e-05,)
  Min 1.44651710998e-05
  Max 2.13824036739e-05
  Avg 1.97630943193e-05
  Std 1.34669333729e-06
-- Generation 174 --
New gener has 200 
Best individual is [1, 0, 0, 1, 0, 0, 1, 0, 1, 1, 0, 0, 0, 0, 0, 0, 0, 0, 0, 1, 0, 1, 1, 0, 0, 1, 0, 1, 1, 0, 0, 0, 1, 0, 0, 1, 1, 0, 0, 0, 0, 1, 1, 1, 1, 1, 1, 0, 1, 0], (1.4465171099840467e-05,)
  Min 1.44651710998e-05
  Max 2.13716673073e-05
  Avg 1.97335686993e-05
  Std 1.34189419181e-06
-- Generation 175 --
New gener has 200 
Best individual is [1, 0, 0, 1, 0, 0, 1, 0, 1, 1, 0, 0, 0, 0, 0, 0, 0, 0, 0, 1, 0, 1, 1, 0, 0, 1, 0, 1, 1, 0, 0, 0, 1, 0, 0, 1, 1, 0, 0, 0, 0, 1, 1, 1, 1, 1, 1, 0, 1, 0], (1.4465171099840467e-05,)
  Min 1.44651710998e-05
  Max 2.13597816113e-05
  Avg 1.97320584646e-05
  Std 1.34021866731e-06
-- Generation 176 --
New gener has 200 
Best individual is [1, 1, 0, 1, 0, 1, 0, 1, 1, 0, 0, 1, 0, 1, 1, 0, 1, 1, 1, 0, 0, 0, 0, 0, 0, 0, 0, 0, 1, 0, 0, 0, 1, 0, 1, 0, 0, 0, 0, 0, 0, 1, 1, 1, 1, 1, 1, 0, 1, 1], (1.3712007702028516e-05,)
  Min 1.3712007702e-05
  Max 2.13578339444e-05
  Avg 1.9693819595e-05
  Std 1.40095735401e-06
-- Generation 177 --
New gener has 200 
Best individual is [1, 1, 0, 1, 0, 1, 0, 1, 1, 0, 0, 1, 0, 1, 1, 0, 1, 1, 1, 0, 0, 0, 0, 0, 0, 0, 0, 0, 1, 0, 0, 0, 1, 0, 1, 0, 0, 0, 0, 0, 0, 1, 1, 1, 1, 1, 1, 0, 1, 1], (1.3712007702028516e-05,)
  Min 1.3712007702e-05
  Max 2.13516355657e-05
  Avg 1.96901874935e-05
  Std 1.39757611953e-06
-- Generation 178 --
New gener has 200 
Best individual is [1, 1, 0, 1, 0, 1, 0, 1, 1, 0, 0, 1, 0, 1, 1, 0, 1, 1, 1, 0, 0, 0, 0, 0, 0, 0, 0, 0, 1, 0, 0, 0, 1, 0, 1, 0, 0, 0, 0, 0, 0, 1, 1, 1, 1, 1, 1, 0, 1, 1], (1.3712007702028516e-05,)
  Min 1.3712007702e-05
  Max 2.13516355657e-05
  Avg 1.96901874935e-05
  Std 1.39757611953e-06
-- Generation 179 --
New gener has 200 
Best individual is [1, 1, 0, 1, 0, 1, 0, 1, 1, 0, 0, 1, 0, 1, 1, 0, 1, 1, 1, 0, 0, 0, 0, 0, 0, 0, 0, 0, 1, 0, 0, 0, 1, 0, 1, 0, 0, 0, 0, 0, 0, 1, 1, 1, 1, 1, 1, 0, 1, 1], (1.3712007702028516e-05,)
  Min 1.3712007702e-05
  Max 2.13516355657e-05
  Avg 1.96901874935e-05
  Std 1.39757611953e-06
-- Generation 180 --
New gener has 200 
Best individual is [1, 1, 0, 1, 0, 1, 0, 1, 1, 0, 0, 1, 0, 1, 1, 0, 1, 1, 1, 0, 0, 0, 0, 0, 0, 0, 0, 0, 1, 0, 0, 0, 1, 0, 1, 0, 0, 0, 0, 0, 0, 1, 1, 1, 1, 1, 1, 0, 1, 1], (1.3712007702028516e-05,)
  Min 1.3712007702e-05
  Max 2.13479049823e-05
  Avg 1.96709419278e-05
  Std 1.4010624404e-06
-- Generation 181 --
New gener has 200 
Best individual is [1, 1, 0, 1, 0, 1, 0, 1, 1, 0, 0, 1, 0, 1, 1, 0, 1, 1, 1, 0, 0, 0, 0, 0, 0, 0, 0, 0, 1, 0, 0, 0, 1, 0, 1, 0, 0, 0, 0, 0, 0, 1, 1, 1, 1, 1, 1, 0, 1, 1], (1.3712007702028516e-05,)
  Min 1.3712007702e-05
  Max 2.13109467922e-05
  Avg 1.9652994738e-05
  Std 1.38763342279e-06
-- Generation 182 --
New gener has 200 
Best individual is [1, 1, 0, 1, 0, 1, 0, 1, 1, 0, 0, 1, 0, 1, 1, 0, 1, 1, 1, 0, 0, 0, 0, 0, 0, 0, 0, 0, 1, 0, 0, 0, 1, 0, 1, 0, 0, 0, 0, 0, 0, 1, 1, 1, 1, 1, 1, 0, 1, 1], (1.3712007702028516e-05,)
  Min 1.3712007702e-05
  Max 2.12742804946e-05
  Avg 1.96278031426e-05
  Std 1.38089859956e-06
-- Generation 183 --
New gener has 200 
Best individual is [1, 1, 0, 1, 0, 1, 0, 1, 1, 0, 0, 1, 0, 1, 1, 0, 1, 1, 1, 0, 0, 0, 0, 0, 0, 0, 0, 0, 1, 0, 0, 0, 1, 0, 1, 0, 0, 0, 0, 0, 0, 1, 1, 1, 1, 1, 1, 0, 1, 1], (1.3712007702028516e-05,)
  Min 1.3712007702e-05
  Max 2.11855511097e-05
  Avg 1.96093496538e-05
  Std 1.36567481649e-06
-- Generation 184 --
^[[A^[[BNew gener has 200 
Best individual is [1, 1, 0, 1, 0, 1, 0, 1, 1, 0, 0, 1, 0, 1, 1, 0, 1, 1, 1, 0, 0, 0, 0, 0, 0, 0, 0, 0, 1, 0, 0, 0, 1, 0, 1, 0, 0, 0, 0, 0, 0, 1, 1, 1, 1, 1, 1, 0, 1, 1], (1.3712007702028516e-05,)
  Min 1.3712007702e-05
  Max 2.11855511097e-05
  Avg 1.96093496538e-05
  Std 1.36567481649e-06
-- Generation 185 --
New gener has 200 
Best individual is [1, 1, 0, 1, 0, 1, 0, 1, 1, 0, 0, 1, 0, 1, 1, 0, 1, 1, 1, 0, 0, 0, 0, 0, 0, 0, 0, 0, 1, 0, 0, 0, 1, 0, 1, 0, 0, 0, 0, 0, 0, 1, 1, 1, 1, 1, 1, 0, 1, 1], (1.3712007702028516e-05,)
  Min 1.3712007702e-05
  Max 2.11855511097e-05
  Avg 1.96093496538e-05
  Std 1.36567481649e-06
-- Generation 186 --
New gener has 200 
Best individual is [1, 1, 0, 1, 0, 1, 0, 1, 1, 0, 0, 1, 0, 1, 1, 0, 1, 1, 1, 0, 0, 0, 0, 0, 0, 0, 0, 0, 1, 0, 0, 0, 1, 0, 1, 0, 0, 0, 0, 0, 0, 1, 1, 1, 1, 1, 1, 0, 1, 1], (1.3712007702028516e-05,)
  Min 1.3712007702e-05
  Max 2.11855511097e-05
  Avg 1.96093496538e-05
  Std 1.36567481649e-06
-- Generation 187 --
New gener has 200 
Best individual is [1, 1, 0, 1, 0, 1, 0, 1, 1, 0, 0, 1, 0, 1, 1, 0, 1, 1, 1, 0, 0, 0, 0, 0, 0, 0, 0, 0, 1, 0, 0, 0, 1, 0, 1, 0, 0, 0, 0, 0, 0, 1, 1, 1, 1, 1, 1, 0, 1, 1], (1.3712007702028516e-05,)
  Min 1.3712007702e-05
  Max 2.11535833472e-05
  Avg 1.95860387782e-05
  Std 1.36317773124e-06
-- Generation 188 --
New gener has 200 
Best individual is [1, 1, 0, 1, 0, 1, 0, 1, 1, 0, 0, 1, 0, 1, 1, 0, 1, 1, 1, 0, 0, 0, 0, 0, 0, 0, 0, 0, 1, 0, 0, 0, 1, 0, 1, 0, 0, 0, 0, 0, 0, 1, 1, 1, 1, 1, 1, 0, 1, 1], (1.3712007702028516e-05,)
  Min 1.3712007702e-05
  Max 2.11286668467e-05
  Avg 1.95646283381e-05
  Std 1.35990312857e-06
-- Generation 189 --
New gener has 200 
Best individual is [1, 1, 0, 1, 0, 1, 0, 1, 1, 0, 0, 1, 0, 1, 1, 0, 1, 1, 1, 0, 0, 0, 0, 0, 0, 0, 0, 0, 1, 0, 0, 0, 1, 0, 1, 0, 0, 0, 0, 0, 0, 1, 1, 1, 1, 1, 1, 0, 1, 1], (1.3712007702028516e-05,)
  Min 1.3712007702e-05
  Max 2.11083354915e-05
  Avg 1.95494084374e-05
  Std 1.35651610269e-06
-- Generation 190 --
New gener has 200 
Best individual is [1, 1, 0, 1, 0, 1, 0, 1, 1, 0, 0, 1, 0, 1, 1, 0, 1, 1, 1, 0, 0, 0, 0, 0, 0, 0, 0, 0, 1, 0, 0, 0, 1, 0, 1, 0, 0, 0, 0, 0, 0, 1, 1, 1, 1, 1, 1, 0, 1, 1], (1.3712007702028516e-05,)
  Min 1.3712007702e-05
  Max 2.11066398157e-05
  Avg 1.95445220984e-05
  Std 1.35264645425e-06
-- Generation 191 --
New gener has 200 
Best individual is [1, 1, 0, 1, 0, 1, 0, 1, 1, 0, 0, 1, 0, 1, 1, 0, 1, 1, 1, 0, 0, 0, 0, 0, 0, 0, 0, 0, 1, 0, 0, 0, 1, 0, 1, 0, 0, 0, 0, 0, 0, 1, 1, 1, 1, 1, 1, 0, 1, 1], (1.3712007702028516e-05,)
  Min 1.3712007702e-05
  Max 2.10966881449e-05
  Avg 1.95346820385e-05
  Std 1.34839841863e-06
-- Generation 192 --
New gener has 200 
Best individual is [1, 1, 0, 1, 0, 1, 0, 1, 1, 0, 0, 1, 0, 1, 1, 0, 1, 1, 1, 0, 0, 0, 0, 0, 0, 0, 0, 0, 1, 0, 0, 0, 1, 0, 1, 0, 0, 0, 0, 0, 0, 1, 1, 1, 1, 1, 1, 0, 1, 1], (1.3712007702028516e-05,)
  Min 1.3712007702e-05
  Max 2.10877759396e-05
  Avg 1.95304625093e-05
  Std 1.34481951037e-06
-- Generation 193 --
New gener has 200 
Best individual is [1, 1, 0, 1, 0, 1, 0, 1, 1, 0, 0, 1, 0, 1, 1, 0, 1, 1, 1, 0, 0, 0, 0, 0, 0, 0, 0, 0, 1, 0, 0, 0, 1, 0, 1, 0, 0, 0, 0, 0, 0, 1, 1, 1, 1, 1, 1, 0, 1, 1], (1.3712007702028516e-05,)
  Min 1.3712007702e-05
  Max 2.1060393971e-05
  Avg 1.95193811446e-05
  Std 1.33579168628e-06
-- Generation 194 --
New gener has 200 
Best individual is [1, 1, 0, 1, 0, 1, 0, 1, 1, 0, 0, 1, 0, 1, 1, 0, 1, 1, 1, 0, 0, 0, 0, 0, 0, 0, 0, 0, 1, 0, 0, 0, 1, 0, 1, 0, 0, 0, 0, 0, 0, 1, 1, 1, 1, 1, 1, 0, 1, 1], (1.3712007702028516e-05,)
  Min 1.3712007702e-05
  Max 2.10110560397e-05
  Avg 1.94933363351e-05
  Std 1.34896468574e-06
-- Generation 195 --
New gener has 200 
Best individual is [1, 1, 0, 1, 0, 1, 0, 1, 1, 0, 0, 1, 0, 1, 1, 0, 1, 1, 1, 0, 0, 0, 0, 0, 0, 0, 0, 0, 1, 0, 0, 0, 1, 0, 1, 0, 0, 0, 0, 0, 0, 1, 1, 1, 1, 1, 1, 0, 1, 1], (1.3712007702028516e-05,)
  Min 1.3712007702e-05
  Max 2.09992530408e-05
  Avg 1.94789351009e-05
  Std 1.34805910971e-06
-- Generation 196 --
New gener has 200 
Best individual is [1, 1, 0, 1, 0, 1, 0, 1, 1, 0, 0, 1, 0, 1, 1, 0, 1, 1, 1, 0, 0, 0, 0, 0, 0, 0, 0, 0, 1, 0, 0, 0, 1, 0, 1, 0, 0, 0, 0, 0, 0, 1, 1, 1, 1, 1, 1, 0, 1, 1], (1.3712007702028516e-05,)
  Min 1.3712007702e-05
  Max 2.09520528106e-05
  Avg 1.94619549348e-05
  Std 1.33930474152e-06
-- Generation 197 --
New gener has 200 
Best individual is [1, 1, 0, 1, 0, 1, 0, 1, 1, 0, 0, 1, 0, 1, 1, 0, 1, 1, 1, 0, 0, 0, 0, 0, 0, 0, 0, 0, 1, 0, 0, 0, 1, 0, 1, 0, 0, 0, 0, 0, 0, 1, 1, 1, 1, 1, 1, 0, 1, 1], (1.3712007702028516e-05,)
  Min 1.3712007702e-05
  Max 2.09491789012e-05
  Avg 1.94483755895e-05
  Std 1.33789514114e-06
-- Generation 198 --
New gener has 200 
Best individual is [1, 1, 0, 1, 0, 1, 0, 1, 1, 0, 0, 1, 0, 1, 1, 0, 1, 1, 1, 0, 0, 0, 0, 0, 0, 0, 0, 0, 1, 0, 0, 0, 1, 0, 1, 0, 0, 0, 0, 0, 0, 1, 1, 1, 1, 1, 1, 0, 1, 1], (1.3712007702028516e-05,)
  Min 1.3712007702e-05
  Max 2.09406969172e-05
  Avg 1.94298648555e-05
  Std 1.33882585411e-06
-- Generation 199 --
New gener has 200 
Best individual is [1, 1, 0, 1, 0, 1, 0, 1, 1, 0, 0, 1, 0, 1, 1, 0, 1, 1, 1, 0, 0, 0, 0, 0, 0, 0, 0, 0, 1, 0, 0, 0, 1, 0, 1, 0, 0, 0, 0, 0, 0, 1, 1, 1, 1, 1, 1, 0, 1, 1], (1.3712007702028516e-05,)
  Min 1.3712007702e-05
  Max 2.09218781451e-05
  Avg 1.94163691796e-05
  Std 1.32852840639e-06
-- Generation 200 --
New gener has 200 
Best individual is [1, 1, 0, 1, 0, 1, 0, 1, 1, 0, 0, 1, 0, 1, 1, 0, 1, 1, 1, 0, 0, 0, 0, 0, 0, 0, 0, 0, 1, 0, 0, 0, 1, 0, 1, 0, 0, 0, 0, 0, 0, 1, 1, 1, 1, 1, 1, 0, 1, 1], (1.3712007702028516e-05,)
  Min 1.3712007702e-05
  Max 2.088720139e-05
  Avg 1.93802248775e-05
  Std 1.33765353614e-06
-- Generation 201 --
New gener has 200 
Best individual is [1, 1, 0, 1, 0, 1, 0, 1, 1, 0, 0, 1, 0, 1, 1, 0, 1, 1, 1, 0, 0, 0, 0, 0, 0, 0, 0, 0, 1, 0, 0, 0, 1, 0, 1, 0, 0, 0, 0, 0, 0, 1, 1, 1, 1, 1, 1, 0, 1, 1], (1.3712007702028516e-05,)
  Min 1.3712007702e-05
  Max 2.08762559843e-05
  Avg 1.93524020235e-05
  Std 1.36053874133e-06
-- Generation 202 --
New gener has 200 
Best individual is [1, 1, 0, 1, 0, 1, 0, 1, 1, 0, 0, 1, 0, 1, 1, 0, 1, 1, 1, 0, 0, 0, 0, 0, 0, 0, 0, 0, 1, 0, 0, 0, 1, 0, 1, 0, 0, 0, 0, 0, 0, 1, 1, 1, 1, 1, 1, 0, 1, 1], (1.3712007702028516e-05,)
  Min 1.3712007702e-05
  Max 2.0876195504e-05
  Avg 1.93395677211e-05
  Std 1.35820823362e-06
-- Generation 203 --
New gener has 200 
Best individual is [1, 1, 0, 1, 0, 1, 0, 1, 1, 0, 0, 1, 0, 1, 1, 0, 1, 1, 1, 0, 0, 0, 0, 0, 0, 0, 0, 0, 1, 0, 0, 0, 1, 0, 1, 0, 0, 0, 0, 0, 0, 1, 1, 1, 1, 1, 1, 0, 1, 1], (1.3712007702028516e-05,)
  Min 1.3712007702e-05
  Max 2.08712426916e-05
  Avg 1.93106550228e-05
  Std 1.36813732251e-06
-- Generation 204 --
New gener has 200 
Best individual is [1, 1, 0, 1, 0, 1, 0, 1, 1, 0, 0, 1, 0, 1, 1, 0, 1, 1, 1, 0, 0, 0, 0, 0, 0, 0, 0, 0, 1, 0, 0, 0, 1, 0, 1, 0, 0, 0, 0, 0, 0, 1, 1, 1, 1, 1, 1, 0, 1, 1], (1.3712007702028516e-05,)
  Min 1.3712007702e-05
  Max 2.08668603447e-05
  Avg 1.93099486604e-05
  Std 1.36736766926e-06
-- Generation 205 --
New gener has 200 
Best individual is [1, 1, 0, 1, 0, 1, 0, 1, 1, 0, 0, 1, 0, 1, 1, 0, 1, 1, 1, 0, 0, 0, 0, 0, 0, 0, 0, 0, 1, 0, 0, 0, 1, 0, 1, 0, 0, 0, 0, 0, 0, 1, 1, 1, 1, 1, 1, 0, 1, 1], (1.3712007702028516e-05,)
  Min 1.3712007702e-05
  Max 2.08668603447e-05
  Avg 1.93099486604e-05
  Std 1.36736766926e-06
-- Generation 206 --
New gener has 200 
Best individual is [1, 1, 0, 1, 0, 1, 0, 1, 1, 0, 0, 1, 0, 1, 1, 0, 1, 1, 1, 0, 0, 0, 0, 0, 0, 0, 0, 0, 1, 0, 0, 0, 1, 0, 1, 0, 0, 0, 0, 0, 0, 1, 1, 1, 1, 1, 1, 0, 1, 1], (1.3712007702028516e-05,)
  Min 1.3712007702e-05
  Max 2.08115035691e-05
  Avg 1.92683513028e-05
  Std 1.35724816883e-06
-- Generation 207 --
New gener has 200 
Best individual is [1, 1, 0, 1, 0, 1, 0, 1, 1, 0, 0, 1, 0, 1, 1, 0, 1, 1, 1, 0, 0, 0, 0, 0, 0, 0, 0, 0, 1, 0, 0, 0, 1, 0, 1, 0, 0, 0, 0, 0, 0, 1, 1, 1, 1, 1, 1, 0, 1, 1], (1.3712007702028516e-05,)
  Min 1.3712007702e-05
  Max 2.07666658435e-05
  Avg 1.92514352085e-05
  Std 1.34545662245e-06
-- Generation 208 --
New gener has 200 
Best individual is [1, 1, 0, 1, 0, 0, 1, 0, 1, 1, 0, 0, 1, 0, 1, 0, 0, 1, 0, 0, 1, 0, 0, 0, 0, 0, 0, 0, 1, 1, 0, 0, 0, 1, 0, 0, 0, 0, 1, 0, 1, 1, 1, 1, 1, 1, 1, 1, 1, 1], (1.335944627566e-05,)
  Min 1.33594462757e-05
  Max 2.0741884305e-05
  Avg 1.91841789558e-05
  Std 1.40420727807e-06
-- Generation 209 --
New gener has 200 
Best individual is [1, 1, 0, 1, 0, 0, 1, 0, 1, 1, 0, 0, 1, 0, 1, 0, 0, 1, 0, 0, 1, 0, 0, 0, 0, 0, 0, 0, 1, 1, 0, 0, 0, 1, 0, 0, 0, 0, 1, 0, 1, 1, 1, 1, 1, 1, 1, 1, 1, 1], (1.335944627566e-05,)
  Min 1.33594462757e-05
  Max 2.07281290543e-05
  Avg 1.91614815513e-05
  Std 1.38923127361e-06
-- Generation 210 --
New gener has 200 
Best individual is [1, 1, 0, 1, 0, 0, 1, 0, 1, 1, 0, 0, 1, 0, 1, 0, 0, 1, 0, 0, 1, 0, 0, 0, 0, 0, 0, 0, 1, 1, 0, 0, 0, 1, 0, 0, 0, 0, 1, 0, 1, 1, 1, 1, 1, 1, 1, 1, 1, 1], (1.335944627566e-05,)
  Min 1.33594462757e-05
  Max 2.06737604251e-05
  Avg 1.91322125514e-05
  Std 1.3859087103e-06
-- Generation 211 --
New gener has 200 
Best individual is [1, 1, 0, 1, 0, 0, 1, 0, 1, 1, 0, 0, 1, 0, 1, 0, 0, 1, 0, 0, 1, 0, 0, 0, 0, 0, 0, 0, 1, 1, 0, 0, 0, 1, 0, 0, 0, 0, 1, 0, 1, 1, 1, 1, 1, 1, 1, 1, 1, 1], (1.335944627566e-05,)
  Min 1.33594462757e-05
  Max 2.06660430931e-05
  Avg 1.91227749612e-05
  Std 1.38179973686e-06
-- Generation 212 --
New gener has 200 
Best individual is [1, 1, 0, 1, 0, 0, 1, 0, 1, 1, 0, 0, 1, 0, 1, 0, 0, 1, 0, 0, 1, 0, 0, 0, 0, 0, 0, 0, 1, 1, 0, 0, 0, 1, 0, 0, 0, 0, 1, 0, 1, 1, 1, 1, 1, 1, 1, 1, 1, 1], (1.335944627566e-05,)
  Min 1.33594462757e-05
  Max 2.06503176279e-05
  Avg 1.91065713971e-05
  Std 1.38260846473e-06
-- Generation 213 --
New gener has 200 
Best individual is [1, 1, 0, 1, 0, 0, 1, 0, 1, 1, 0, 0, 1, 0, 1, 0, 0, 1, 0, 0, 1, 0, 0, 0, 0, 0, 0, 0, 1, 1, 0, 0, 0, 1, 0, 0, 0, 0, 1, 0, 1, 1, 1, 1, 1, 1, 1, 1, 1, 1], (1.335944627566e-05,)
  Min 1.33594462757e-05
  Max 2.06503176279e-05
  Avg 1.91065713971e-05
  Std 1.38260846473e-06
-- Generation 214 --
New gener has 200 
Best individual is [1, 1, 0, 1, 0, 0, 1, 0, 1, 1, 0, 0, 1, 0, 1, 0, 0, 1, 0, 0, 1, 0, 0, 0, 0, 0, 0, 0, 1, 1, 0, 0, 0, 1, 0, 0, 0, 0, 1, 0, 1, 1, 1, 1, 1, 1, 1, 1, 1, 1], (1.335944627566e-05,)
  Min 1.33594462757e-05
  Max 2.06314136508e-05
  Avg 1.90366090561e-05
  Std 1.41027742196e-06
-- Generation 215 --
New gener has 200 
Best individual is [1, 1, 0, 1, 0, 0, 1, 0, 1, 1, 0, 0, 1, 0, 1, 0, 0, 1, 0, 0, 1, 0, 0, 0, 0, 0, 0, 0, 1, 1, 0, 0, 0, 1, 0, 0, 0, 0, 1, 0, 1, 1, 1, 1, 1, 1, 1, 1, 1, 1], (1.335944627566e-05,)
  Min 1.33594462757e-05
  Max 2.06258731054e-05
  Avg 1.90250428665e-05
  Std 1.40663156297e-06

